{
    "camera_angle_x": 0.86,
    "camera_angle_y": 0.59,
    "fl_x": 2535.7774397566545,
    "fl_y": 2535.7774397566545,
    "k1": -0.006337414014651379,
    "k2": -0.061534936860702154,
    "p1": -0.0014092239651047748,
    "p2": 9.249850279926745e-05,
    "cx": 750.0,
    "cy": 500.0,
    "w": 1500.0,
    "h": 1000.0,
    "aabb_scale": 4,
    "scale": 0.0015,
    "frames": [
        {
            "file_path": "data/downsampled/_025/4/4_00001.JPG",
            "sharpness": 1395.2258543820578,
            "transform_matrix": [
                [
                    0.024275157007488536,
                    0.9885516049633204,
                    0.14891756470176906,
                    -239.1879303832029
                ],
                [
                    -0.9982514016438419,
                    0.032000308638789485,
                    -0.04970029540282481,
                    -250.41334411592277
                ],
                [
                    -0.05389671481980709,
                    -0.14745068521870627,
                    0.9875998377683982,
                    2.3666474400664477
                ],
                [
                    0.0,
                    0.0,
                    0.0,
                    1.0
                ]
            ]
        },
        {
            "file_path": "data/downsampled/_025/4/4_00006.JPG",
            "sharpness": 1927.035707828831,
            "transform_matrix": [
                [
                    0.0784325576162011,
                    0.9898701057818284,
                    0.11834486716901707,
                    -178.25703388320903
                ],
                [
                    -0.9949993490857149,
                    0.08509213279802169,
                    -0.05230319545579516,
                    -248.0393907260601
                ],
                [
                    -0.06184358677166589,
                    -0.11365079240970934,
                    0.9915941045406936,
                    12.638947074824092
                ],
                [
                    0.0,
                    0.0,
                    0.0,
                    1.0
                ]
            ]
        },
        {
            "file_path": "data/downsampled/_025/4/4_00011.JPG",
            "sharpness": 1777.4416523626974,
            "transform_matrix": [
                [
                    0.026759652169485,
                    0.9996366887560115,
                    0.0032266869518653217,
                    -114.89495974288167
                ],
                [
                    -0.9975081967843786,
                    0.02691318065723715,
                    -0.06521562738246627,
                    -243.77058630281
                ],
                [
                    -0.06527877422061433,
                    -0.0014734991781733206,
                    0.9978659781936781,
                    19.844321063327175
                ],
                [
                    0.0,
                    0.0,
                    0.0,
                    1.0
                ]
            ]
        },
        {
            "file_path": "data/downsampled/_025/4/4_00016.JPG",
            "sharpness": 2146.172793854265,
            "transform_matrix": [
                [
                    0.00944227717490059,
                    0.9977809447782807,
                    0.06590925306141814,
                    -51.726120682274
                ],
                [
                    -0.9995632770641587,
                    0.01126378903964993,
                    -0.027319996362202295,
                    -240.60494404174977
                ],
                [
                    -0.02800175970386211,
                    -0.06562250600085284,
                    0.9974515467729025,
                    14.921071689756833
                ],
                [
                    0.0,
                    0.0,
                    0.0,
                    1.0
                ]
            ]
        },
        {
            "file_path": "data/downsampled/_025/4/4_00021.JPG",
            "sharpness": 2808.515830658687,
            "transform_matrix": [
                [
                    0.0207858000451482,
                    0.9963096724933996,
                    0.08327656940927454,
                    11.306564345987681
                ],
                [
                    -0.9989765592958165,
                    0.024043668231056695,
                    -0.03831104273557857,
                    -236.76794023303023
                ],
                [
                    -0.04017193664706208,
                    -0.08239501510461344,
                    0.9957897755008006,
                    10.080284200462348
                ],
                [
                    0.0,
                    0.0,
                    0.0,
                    1.0
                ]
            ]
        },
        {
            "file_path": "data/downsampled/_025/4/4_00026.JPG",
            "sharpness": 3397.1910017373198,
            "transform_matrix": [
                [
                    0.0340101371492407,
                    0.996716380365582,
                    0.07348311154287435,
                    75.99496737885573
                ],
                [
                    -0.9987884221813506,
                    0.03651318477761842,
                    -0.03299204531222852,
                    -233.2313479738313
                ],
                [
                    -0.03556681441426099,
                    -0.0722720170489808,
                    0.9967505993296887,
                    7.039874852231481
                ],
                [
                    0.0,
                    0.0,
                    0.0,
                    1.0
                ]
            ]
        },
        {
            "file_path": "data/downsampled/_025/4/4_00031.JPG",
            "sharpness": 3290.541788538504,
            "transform_matrix": [
                [
                    0.0016190341640630824,
                    0.9960952307960343,
                    0.08827043623870122,
                    139.2674588574742
                ],
                [
                    -0.9987548553429211,
                    0.006011970656999623,
                    -0.04952368259490178,
                    -229.68908186582934
                ],
                [
                    -0.04986098331678587,
                    -0.08808034624258919,
                    0.9948646817273535,
                    6.580064215842857
                ],
                [
                    0.0,
                    0.0,
                    0.0,
                    1.0
                ]
            ]
        },
        {
            "file_path": "data/downsampled/_025/4/4_00036.JPG",
            "sharpness": 2603.3331071541224,
            "transform_matrix": [
                [
                    0.03197186640469066,
                    0.995184127528164,
                    0.09266257105545773,
                    200.79259198509982
                ],
                [
                    -0.998804689106603,
                    0.035241886732229236,
                    -0.03387037700137495,
                    -226.63538600689776
                ],
                [
                    -0.0369728654186169,
                    -0.0914689113063005,
                    0.9951213219940457,
                    7.140865785755057
                ],
                [
                    0.0,
                    0.0,
                    0.0,
                    1.0
                ]
            ]
        },
        {
            "file_path": "data/downsampled/_025/4/4_00041.JPG",
            "sharpness": 3368.6482819477096,
            "transform_matrix": [
                [
                    -0.0428863033030213,
                    -0.997703343062299,
                    0.052429039961780534,
                    239.7843642449248
                ],
                [
                    0.9969227229188029,
                    -0.03928805849068726,
                    0.06783460022873629,
                    -187.0330411831784
                ],
                [
                    -0.06561897223487576,
                    0.055176876518565746,
                    0.9963180530234779,
                    5.072203544895604
                ],
                [
                    0.0,
                    0.0,
                    0.0,
                    1.0
                ]
            ]
        },
        {
            "file_path": "data/downsampled/_025/4/4_00046.JPG",
            "sharpness": 2888.3187375317325,
            "transform_matrix": [
                [
                    -0.034341982072654834,
                    -0.9983761083171837,
                    0.045450793268735454,
                    177.14216981849682
                ],
                [
                    0.9980122269960058,
                    -0.031853941215618145,
                    0.05437757989746844,
                    -191.0668485821135
                ],
                [
                    -0.052841489700755716,
                    0.04722788128285894,
                    0.9974854907194077,
                    7.635736296730318
                ],
                [
                    0.0,
                    0.0,
                    0.0,
                    1.0
                ]
            ]
        },
        {
            "file_path": "data/downsampled/_025/4/4_00051.JPG",
            "sharpness": 2804.536035314415,
            "transform_matrix": [
                [
                    -0.050977110973096026,
                    -0.9972656622339935,
                    0.05350264559656465,
                    113.84421662925718
                ],
                [
                    0.9964458292502081,
                    -0.04719178468212242,
                    0.06977567504784124,
                    -194.69075872404778
                ],
                [
                    -0.06705999945349231,
                    0.05686945038868533,
                    0.9961269106322682,
                    10.005313843638351
                ],
                [
                    0.0,
                    0.0,
                    0.0,
                    1.0
                ]
            ]
        },
        {
            "file_path": "data/downsampled/_025/4/4_00056.JPG",
            "sharpness": 2818.884206784127,
            "transform_matrix": [
                [
                    -0.026525541521543444,
                    -0.9983523000614714,
                    0.0508830090399445,
                    51.786524015273415
                ],
                [
                    0.9977025741708212,
                    -0.023265443290944,
                    0.0636261946166296,
                    -198.27827669145086
                ],
                [
                    -0.062337541978379526,
                    0.05245382836787099,
                    0.996675788182721,
                    12.380758526170315
                ],
                [
                    0.0,
                    0.0,
                    0.0,
                    1.0
                ]
            ]
        },
        {
            "file_path": "data/downsampled/_025/4/4_00061.JPG",
            "sharpness": 2535.7035305232794,
            "transform_matrix": [
                [
                    -0.03521831427765468,
                    -0.9983939075745311,
                    0.04437652146686993,
                    -9.314381406489531
                ],
                [
                    0.996766943986653,
                    -0.03188286587608247,
                    0.07375054060165762,
                    -201.69008689818344
                ],
                [
                    -0.0722172397350477,
                    0.046830419404346124,
                    0.996288904938454,
                    14.812156156781601
                ],
                [
                    0.0,
                    0.0,
                    0.0,
                    1.0
                ]
            ]
        },
        {
            "file_path": "data/downsampled/_025/4/4_00066.JPG",
            "sharpness": 2058.3102923402466,
            "transform_matrix": [
                [
                    -0.0260692339616006,
                    -0.9973125736653965,
                    0.06846915692162828,
                    -73.33556041122324
                ],
                [
                    0.996299086930535,
                    -0.02030874988550607,
                    0.08352056069897178,
                    -205.4864329395025
                ],
                [
                    -0.08190558236187569,
                    0.0703930755613873,
                    0.9941510400794089,
                    17.416312577157715
                ],
                [
                    0.0,
                    0.0,
                    0.0,
                    1.0
                ]
            ]
        },
        {
            "file_path": "data/downsampled/_025/4/4_00071.JPG",
            "sharpness": 1805.0713767186776,
            "transform_matrix": [
                [
                    -0.031460489187742365,
                    -0.9991255638331635,
                    0.027538070287001087,
                    -137.20019944180763
                ],
                [
                    0.9982115271633134,
                    -0.03000662116722617,
                    0.051704445886331295,
                    -209.19634009126815
                ],
                [
                    -0.05083290920608352,
                    0.029115466357083147,
                    0.9982826778826006,
                    14.584707842568594
                ],
                [
                    0.0,
                    0.0,
                    0.0,
                    1.0
                ]
            ]
        },
        {
            "file_path": "data/downsampled/_025/4/4_00076.JPG",
            "sharpness": 1768.7475600778655,
            "transform_matrix": [
                [
                    0.0053360406873071056,
                    -0.9996212556486462,
                    0.02699762814040824,
                    -200.7519748188799
                ],
                [
                    0.9990836339134058,
                    0.006475815865791873,
                    0.04230787462466523,
                    -212.2678808428456
                ],
                [
                    -0.04246668242478374,
                    0.026747131889171185,
                    0.9987397918474744,
                    6.638842723545839
                ],
                [
                    0.0,
                    0.0,
                    0.0,
                    1.0
                ]
            ]
        },
        {
            "file_path": "data/downsampled/_025/4/4_00081.JPG",
            "sharpness": 1314.0261400428365,
            "transform_matrix": [
                [
                    0.02584131539458769,
                    0.9991472834576883,
                    0.03220143440593818,
                    -229.9825859852757
                ],
                [
                    -0.9993676420861727,
                    0.026607215464463495,
                    -0.02358753985374704,
                    -175.32493280337235
                ],
                [
                    -0.02442421687182488,
                    -0.0315715385173119,
                    0.9992030302125033,
                    1.4366959455436934
                ],
                [
                    0.0,
                    0.0,
                    0.0,
                    1.0
                ]
            ]
        },
        {
            "file_path": "data/downsampled/_025/4/4_00086.JPG",
            "sharpness": 1810.074541327352,
            "transform_matrix": [
                [
                    0.07766999827823802,
                    0.9912023971631249,
                    0.10716892845192127,
                    -166.79375338180046
                ],
                [
                    -0.9957467998630798,
                    0.0824674832332228,
                    -0.041078276151924276,
                    -171.77066620356936
                ],
                [
                    -0.04955483760334745,
                    -0.10352256791276303,
                    0.9933918642725301,
                    8.355884966514669
                ],
                [
                    0.0,
                    0.0,
                    0.0,
                    1.0
                ]
            ]
        },
        {
            "file_path": "data/downsampled/_025/4/4_00091.JPG",
            "sharpness": 1954.928717592956,
            "transform_matrix": [
                [
                    0.06762194167328636,
                    0.990866050023809,
                    0.11666937864987798,
                    -102.44842680242385
                ],
                [
                    -0.996532576186541,
                    0.07276054350315557,
                    -0.04035750126236033,
                    -168.25045148877996
                ],
                [
                    -0.04847780526540646,
                    -0.113535783871603,
                    0.9923505067148954,
                    12.50278355472857
                ],
                [
                    0.0,
                    0.0,
                    0.0,
                    1.0
                ]
            ]
        },
        {
            "file_path": "data/downsampled/_025/4/4_00096.JPG",
            "sharpness": 2261.6695885288887,
            "transform_matrix": [
                [
                    0.03994695594435495,
                    0.9965805078226498,
                    0.07232933110937381,
                    -39.156902410510554
                ],
                [
                    -0.9987743541590918,
                    0.04194223148050081,
                    -0.02628000556556361,
                    -164.9444830018931
                ],
                [
                    -0.02922379484033058,
                    -0.07119087474097893,
                    0.997034517541266,
                    8.569156845774433
                ],
                [
                    0.0,
                    0.0,
                    0.0,
                    1.0
                ]
            ]
        },
        {
            "file_path": "data/downsampled/_025/4/4_00101.JPG",
            "sharpness": 2516.6998937205117,
            "transform_matrix": [
                [
                    0.04787503564769132,
                    0.9949048453048959,
                    0.0887261503198111,
                    21.399886213996297
                ],
                [
                    -0.997210849229334,
                    0.05269934345759193,
                    -0.0528516922950408,
                    -161.10717739560482
                ],
                [
                    -0.05725821461627317,
                    -0.08594840305660247,
                    0.9946528886355163,
                    4.700665111422996
                ],
                [
                    0.0,
                    0.0,
                    0.0,
                    1.0
                ]
            ]
        },
        {
            "file_path": "data/downsampled/_025/4/4_00106.JPG",
            "sharpness": 2630.841139246897,
            "transform_matrix": [
                [
                    0.08198607214335973,
                    0.992600384091776,
                    0.08956986923827766,
                    87.18544608827824
                ],
                [
                    -0.9952938117327951,
                    0.08620281928239723,
                    -0.04426400653092294,
                    -157.73693030949755
                ],
                [
                    -0.051657645135130215,
                    -0.08551930453777502,
                    0.9949964503707881,
                    0.3304471084795644
                ],
                [
                    0.0,
                    0.0,
                    0.0,
                    1.0
                ]
            ]
        },
        {
            "file_path": "data/downsampled/_025/4/4_00111.JPG",
            "sharpness": 2679.16939038823,
            "transform_matrix": [
                [
                    0.07250281302089194,
                    0.990885989466335,
                    0.11352663997220915,
                    149.8008653849446
                ],
                [
                    -0.9967371794226869,
                    0.07603443716823034,
                    -0.027087995884105744,
                    -154.12728023159218
                ],
                [
                    -0.03547304977816938,
                    -0.1111922670145386,
                    0.9931656168512899,
                    2.6749338260531097
                ],
                [
                    0.0,
                    0.0,
                    0.0,
                    1.0
                ]
            ]
        },
        {
            "file_path": "data/downsampled/_025/4/4_00116.JPG",
            "sharpness": 3191.9767704968244,
            "transform_matrix": [
                [
                    0.0632703134315737,
                    0.9923644772338445,
                    0.1058754540139897,
                    211.07472973453503
                ],
                [
                    -0.9962116020225937,
                    0.06914266169803904,
                    -0.05274216841283729,
                    -150.45177708371148
                ],
                [
                    -0.059659965084200274,
                    -0.1021373421316051,
                    0.9929796835325702,
                    5.547329748120649
                ],
                [
                    0.0,
                    0.0,
                    0.0,
                    1.0
                ]
            ]
        },
        {
            "file_path": "data/downsampled/_025/4/4_00121.JPG",
            "sharpness": 3545.801027341327,
            "transform_matrix": [
                [
                    -0.000992530315338466,
                    -0.9986771097541791,
                    0.05141055666507076,
                    223.48003598206338
                ],
                [
                    0.9990496290176577,
                    0.0012499840292604083,
                    0.043569212749454245,
                    -113.59777435303613
                ],
                [
                    -0.043575837837656624,
                    0.05140494132829948,
                    0.9977267553612966,
                    4.4760381467854025
                ],
                [
                    0.0,
                    0.0,
                    0.0,
                    1.0
                ]
            ]
        },
        {
            "file_path": "data/downsampled/_025/4/4_00126.JPG",
            "sharpness": 2749.447107655822,
            "transform_matrix": [
                [
                    -0.05759084933583017,
                    -0.9974758074511706,
                    0.041536822488159326,
                    160.71978788584494
                ],
                [
                    0.9963847361043349,
                    -0.054825414436913016,
                    0.06489708460412938,
                    -115.88183096660032
                ],
                [
                    -0.062455998359425065,
                    0.045124134135248274,
                    0.9970271113603038,
                    3.951543786463379
                ],
                [
                    0.0,
                    0.0,
                    0.0,
                    1.0
                ]
            ]
        },
        {
            "file_path": "data/downsampled/_025/4/4_00131.JPG",
            "sharpness": 2271.3533999357414,
            "transform_matrix": [
                [
                    -0.03144627725536221,
                    -0.997933106258825,
                    0.05604147642052296,
                    97.53262829125805
                ],
                [
                    0.9975093099358948,
                    -0.027792300134932828,
                    0.06482873316998536,
                    -119.68016809088277
                ],
                [
                    -0.06313721753446405,
                    0.05794051678940181,
                    0.9963215285620315,
                    3.2289116599574648
                ],
                [
                    0.0,
                    0.0,
                    0.0,
                    1.0
                ]
            ]
        },
        {
            "file_path": "data/downsampled/_025/4/4_00136.JPG",
            "sharpness": 2362.4279058173843,
            "transform_matrix": [
                [
                    -0.03135579127891584,
                    -0.9976777691117387,
                    0.060463901408178,
                    36.52749457492217
                ],
                [
                    0.9979484554038199,
                    -0.027871201297751044,
                    0.05763745739838772,
                    -123.2298090451934
                ],
                [
                    -0.055818408347101604,
                    0.06214712510201131,
                    0.9965049122463729,
                    2.2178359881375975
                ],
                [
                    0.0,
                    0.0,
                    0.0,
                    1.0
                ]
            ]
        },
        {
            "file_path": "data/downsampled/_025/4/4_00141.JPG",
            "sharpness": 2251.441805089734,
            "transform_matrix": [
                [
                    -0.0526726707259495,
                    -0.9972544426087269,
                    0.05204965375248409,
                    -25.02896810667079
                ],
                [
                    0.9958034239033822,
                    -0.04854687321381643,
                    0.07758055196673087,
                    -126.5555112806843
                ],
                [
                    -0.07484070216731466,
                    0.05591759828819021,
                    0.9956264819201948,
                    1.75200857187723
                ],
                [
                    0.0,
                    0.0,
                    0.0,
                    1.0
                ]
            ]
        },
        {
            "file_path": "data/downsampled/_025/4/4_00146.JPG",
            "sharpness": 1971.8548309714627,
            "transform_matrix": [
                [
                    -0.005854658700029127,
                    -0.9992784338167661,
                    0.03752778544248993,
                    -85.47415443075823
                ],
                [
                    0.99818043631321,
                    -0.003587763380940807,
                    0.060190900603764995,
                    -130.24080398487092
                ],
                [
                    -0.06001282807097254,
                    0.03781189842673555,
                    0.9974811881956925,
                    1.0938743595222498
                ],
                [
                    0.0,
                    0.0,
                    0.0,
                    1.0
                ]
            ]
        },
        {
            "file_path": "data/downsampled/_025/4/4_00151.JPG",
            "sharpness": 2075.813574989653,
            "transform_matrix": [
                [
                    -0.025920469611981935,
                    -0.9992242457561928,
                    0.02964854040357598,
                    -145.53707836842233
                ],
                [
                    0.9988841630809395,
                    -0.02471758597082301,
                    0.040242635225176925,
                    -133.76971965942482
                ],
                [
                    -0.039478576483784174,
                    0.03065856547105767,
                    0.9987499658883956,
                    0.5029979090540913
                ],
                [
                    0.0,
                    0.0,
                    0.0,
                    1.0
                ]
            ]
        },
        {
            "file_path": "data/downsampled/_025/4/4_00156.JPG",
            "sharpness": 1601.8956478779653,
            "transform_matrix": [
                [
                    -0.040066838234683905,
                    -0.9986761546395464,
                    0.03225812499580591,
                    -207.08657394820506
                ],
                [
                    0.9960534649675079,
                    -0.037361115447827616,
                    0.08050864536629372,
                    -136.76576516774128
                ],
                [
                    -0.07919686483755034,
                    0.035356544045812274,
                    0.9962317859780623,
                    -1.243995766220916
                ],
                [
                    0.0,
                    0.0,
                    0.0,
                    1.0
                ]
            ]
        },
        {
            "file_path": "data/downsampled/_025/4/4_00161.JPG",
            "sharpness": 1307.3558970013853,
            "transform_matrix": [
                [
                    0.03027496868980556,
                    0.996553204440263,
                    0.07723429931497396,
                    -221.40996234738208
                ],
                [
                    -0.9991485601757185,
                    0.032339309689502674,
                    -0.025618816280141354,
                    -99.52591761663996
                ],
                [
                    -0.02802821738213993,
                    -0.07639293009598554,
                    0.9966837709432864,
                    -5.1281422065701
                ],
                [
                    0.0,
                    0.0,
                    0.0,
                    1.0
                ]
            ]
        },
        {
            "file_path": "data/downsampled/_025/4/4_00166.JPG",
            "sharpness": 1964.2100924441595,
            "transform_matrix": [
                [
                    0.03676727132610124,
                    0.996126660902806,
                    0.07987392063658483,
                    -158.5445588830991
                ],
                [
                    -0.9983215187510938,
                    0.04019185295833278,
                    -0.04169844306788852,
                    -95.95070683399365
                ],
                [
                    -0.044747211731492695,
                    -0.0782067157883666,
                    0.9959324257437623,
                    -3.6322704860254014
                ],
                [
                    0.0,
                    0.0,
                    0.0,
                    1.0
                ]
            ]
        },
        {
            "file_path": "data/downsampled/_025/4/4_00171.JPG",
            "sharpness": 1994.041917356796,
            "transform_matrix": [
                [
                    0.05171423970888436,
                    0.9949092869513835,
                    0.08649363068585722,
                    -93.67983893415749
                ],
                [
                    -0.9970661795427225,
                    0.056331766500591386,
                    -0.0518243735611192,
                    -91.85879002965129
                ],
                [
                    -0.05643288955397935,
                    -0.08355981582562436,
                    0.9949035562082265,
                    -2.5019038687862114
                ],
                [
                    0.0,
                    0.0,
                    0.0,
                    1.0
                ]
            ]
        },
        {
            "file_path": "data/downsampled/_025/4/4_00176.JPG",
            "sharpness": 1968.1316493086656,
            "transform_matrix": [
                [
                    0.05683299352892496,
                    0.9957851374301508,
                    0.0719859077858787,
                    -33.30855972917561
                ],
                [
                    -0.9970460694408685,
                    0.06034023963836318,
                    -0.04752042605974922,
                    -88.5700057532406
                ],
                [
                    -0.051663780921031716,
                    -0.06907253834629767,
                    0.9962729737312676,
                    -1.5130128709212833
                ],
                [
                    0.0,
                    0.0,
                    0.0,
                    1.0
                ]
            ]
        },
        {
            "file_path": "data/downsampled/_025/4/4_00181.JPG",
            "sharpness": 2411.830755362117,
            "transform_matrix": [
                [
                    0.04959644379927519,
                    0.9939316744777358,
                    0.09818359960986084,
                    29.36244542261619
                ],
                [
                    -0.9985693019854213,
                    0.05131371855924942,
                    -0.015041656157861566,
                    -85.02231707502256
                ],
                [
                    -0.019988544089416124,
                    -0.09729711587455339,
                    0.995054636363089,
                    -0.48309925214472216
                ],
                [
                    0.0,
                    0.0,
                    0.0,
                    1.0
                ]
            ]
        },
        {
            "file_path": "data/downsampled/_025/4/4_00186.JPG",
            "sharpness": 2080.841992990932,
            "transform_matrix": [
                [
                    0.033683866760378905,
                    0.9948115094814254,
                    0.09599717560093551,
                    91.39616038302665
                ],
                [
                    -0.9985737375418186,
                    0.037480348399471564,
                    -0.03802254825255818,
                    -81.5345558327283
                ],
                [
                    -0.04142327620834606,
                    -0.09457951198405518,
                    0.9946551302341052,
                    0.16390708351473293
                ],
                [
                    0.0,
                    0.0,
                    0.0,
                    1.0
                ]
            ]
        },
        {
            "file_path": "data/downsampled/_025/4/4_00191.JPG",
            "sharpness": 2042.8040632535028,
            "transform_matrix": [
                [
                    0.03414491492351924,
                    0.9950985220218629,
                    0.09280655286546209,
                    152.72298697173682
                ],
                [
                    -0.9988650676061278,
                    0.03706402670055895,
                    -0.029913786803859758,
                    -78.65853984302328
                ],
                [
                    -0.03320694958999027,
                    -0.09167981999679334,
                    0.9952347005125391,
                    1.5052028569718807
                ],
                [
                    0.0,
                    0.0,
                    0.0,
                    1.0
                ]
            ]
        },
        {
            "file_path": "data/downsampled/_025/4/4_00196.JPG",
            "sharpness": 2519.3834592825065,
            "transform_matrix": [
                [
                    0.10250577910090279,
                    0.9859298697135036,
                    0.13204111957125406,
                    213.66661679854536
                ],
                [
                    -0.9935849983392373,
                    0.10785530444854408,
                    -0.03400124082337772,
                    -75.14741874672666
                ],
                [
                    -0.047764174086174505,
                    -0.12770875188891778,
                    0.9906609199745593,
                    2.5418690277028766
                ],
                [
                    0.0,
                    0.0,
                    0.0,
                    1.0
                ]
            ]
        },
        {
            "file_path": "data/downsampled/_025/4/4_00201.JPG",
            "sharpness": 2371.402994400789,
            "transform_matrix": [
                [
                    -0.023678678857587294,
                    -0.9972214057438997,
                    0.07063135347506692,
                    218.63678231984392
                ],
                [
                    0.9979476961084537,
                    -0.019373038102976567,
                    0.061033443508377805,
                    -37.74516827525679
                ],
                [
                    -0.05949551243067812,
                    0.07193158778187242,
                    0.995633532319894,
                    1.6711901039895913
                ],
                [
                    0.0,
                    0.0,
                    0.0,
                    1.0
                ]
            ]
        },
        {
            "file_path": "data/downsampled/_025/4/4_00206.JPG",
            "sharpness": 1941.9501718122212,
            "transform_matrix": [
                [
                    -0.08163256036400914,
                    -0.995393290642052,
                    0.05028242270619013,
                    155.36283703643772
                ],
                [
                    0.995711276045284,
                    -0.07924713107996545,
                    0.04773831764806429,
                    -41.058729227942706
                ],
                [
                    -0.04353366335020658,
                    0.05396377637251079,
                    0.9975934698036717,
                    0.29622511985262534
                ],
                [
                    0.0,
                    0.0,
                    0.0,
                    1.0
                ]
            ]
        },
        {
            "file_path": "data/downsampled/_025/4/4_00211.JPG",
            "sharpness": 1991.3915295384852,
            "transform_matrix": [
                [
                    -0.058186324798403605,
                    -0.9981560778952671,
                    0.017285709912887682,
                    91.99450175918497
                ],
                [
                    0.9960744421791219,
                    -0.05689054443266763,
                    0.06781719244930405,
                    -44.370287427465826
                ],
                [
                    -0.06670874938121649,
                    0.021163887045920766,
                    0.9975480101935454,
                    -0.805011215551314
                ],
                [
                    0.0,
                    0.0,
                    0.0,
                    1.0
                ]
            ]
        },
        {
            "file_path": "data/downsampled/_025/4/4_00216.JPG",
            "sharpness": 2232.3719305181003,
            "transform_matrix": [
                [
                    -0.027889833504347015,
                    -0.9995187412926916,
                    0.013580979043283184,
                    29.799261097883573
                ],
                [
                    0.9996016661202822,
