{
    "camera_angle_x": 0.86,
    "camera_angle_y": 0.59,
    "fl_x": 2535.7774397566545,
    "fl_y": 2535.7774397566545,
    "k1": -0.006337414014651379,
    "k2": -0.061534936860702154,
    "p1": -0.0014092239651047748,
    "p2": 9.249850279926745e-05,
    "cx": 750.0,
    "cy": 500.0,
    "w": 1500.0,
    "h": 1000.0,
    "aabb_scale": 4,
    "scale": 0.0015,
    "frames": [
        {
            "file_path": "data/downsampled/_025/4/4_00001.JPG",
            "sharpness": 1395.2258543820578,
            "transform_matrix": [
                [
                    0.9982514016438419,
                    -0.024275157007488536,
                    -0.05389671481980709,
                    250.4133441159223
                ],
                [
                    0.01608766223038386,
                    0.988938563588505,
                    -0.14745068521870627,
                    -239.18793038320342
                ],
                [
                    0.056879928270585176,
                    0.14632578104957003,
                    0.9875998377683982,
                    2.366647440065776
                ],
                [
                    0.0,
                    0.0,
                    0.0,
                    1.0
                ]
            ]
        },
        {
            "file_path": "data/downsampled/_025/4/4_00002.JPG",
            "sharpness": 1455.766041640704,
            "transform_matrix": [
                [
                    0.9949001678417555,
                    -0.09577073400828699,
                    -0.031648420749869656,
                    250.63965340172214
                ],
                [
                    0.09088864625971972,
                    0.987283478300136,
                    -0.1304246428274189,
                    -226.9107386304854
                ],
                [
                    0.04373682669698808,
                    0.12688301692148632,
                    0.9909529706335107,
                    4.778912755504905
                ],
                [
                    0.0,
                    0.0,
                    0.0,
                    1.0
                ]
            ]
        },
        {
            "file_path": "data/downsampled/_025/4/4_00003.JPG",
            "sharpness": 1607.3650875321455,
            "transform_matrix": [
                [
                    0.9962970777300816,
                    -0.08271276174314587,
                    -0.023467678865223458,
                    250.59481055252039
                ],
                [
                    0.07949082988375357,
                    0.9901614473668474,
                    -0.11515865626509071,
                    -214.918142603693
                ],
                [
                    0.032761881369845314,
                    0.11286676744379076,
                    0.9930698625655182,
                    6.738397346020918
                ],
                [
                    0.0,
                    0.0,
                    0.0,
                    1.0
                ]
            ]
        },
        {
            "file_path": "data/downsampled/_025/4/4_00004.JPG",
            "sharpness": 1653.906119608433,
            "transform_matrix": [
                [
                    0.9945225780439265,
                    -0.08191712145995782,
                    -0.06491861807352786,
                    249.83588867261946
                ],
                [
                    0.0731943201606129,
                    0.9892082905685445,
                    -0.1269233996026071,
                    -202.93217335613758
                ],
                [
                    0.07461523475194425,
                    0.12147651247122593,
                    0.9897858473734306,
                    8.74269879324305
                ],
                [
                    0.0,
                    0.0,
                    0.0,
                    1.0
                ]
            ]
        },
        {
            "file_path": "data/downsampled/_025/4/4_00005.JPG",
            "sharpness": 1824.9223738241599,
            "transform_matrix": [
                [
                    0.9952926153916255,
                    -0.0693740449325157,
                    -0.06767460111887606,
                    248.85009095395338
                ],
                [
                    0.0622965692662659,
                    0.9928721330888818,
                    -0.10160740520841417,
                    -190.65361115432376
                ],
                [
                    0.07424114226324255,
                    0.09691320459687024,
                    0.9925200670869149,
                    10.7263553450818
                ],
                [
                    0.0,
                    0.0,
                    0.0,
                    1.0
                ]
            ]
        },
        {
            "file_path": "data/downsampled/_025/4/4_00006.JPG",
            "sharpness": 1927.035707828831,
            "transform_matrix": [
                [
                    0.9949993490857149,
                    -0.0784325576162011,
                    -0.06184358677166589,
                    248.03939072605976
                ],
                [
                    0.07105158249128685,
                    0.9909768766273652,
                    -0.11365079240970934,
                    -178.25703388320954
                ],
                [
                    0.07019948678222035,
                    0.10868837976367243,
                    0.9915941045406936,
                    12.63894707482342
                ],
                [
                    0.0,
                    0.0,
                    0.0,
                    1.0
                ]
            ]
        },
        {
            "file_path": "data/downsampled/_025/4/4_00007.JPG",
            "sharpness": 1955.5274842301856,
            "transform_matrix": [
                [
                    0.9965808265625002,
                    -0.07250623653170826,
                    -0.039616938195825735,
                    247.08084559801642
                ],
                [
                    0.0682186727959808,
                    0.9925902945476479,
                    -0.10055207532302832,
                    -165.83499956891478
                ],
                [
                    0.04661404090999626,
                    0.0975056553940387,
                    0.9941427354038351,
                    14.612300281543526
                ],
                [
                    0.0,
                    0.0,
                    0.0,
                    1.0
                ]
            ]
        },
        {
            "file_path": "data/downsampled/_025/4/4_00008.JPG",
            "sharpness": 2026.886047338026,
            "transform_matrix": [
                [
                    0.9981338293631583,
                    -0.05347807759025985,
                    -0.02947802398546978,
                    246.7778514698653
                ],
                [
                    0.05068975494962176,
                    0.9947978767597532,
                    -0.08836137808700022,
                    -153.00833094438508
                ],
                [
                    0.03405007230513729,
                    0.08670224686556083,
                    0.9956522048207789,
                    16.46452406727542
                ],
                [
                    0.0,
                    0.0,
                    0.0,
                    1.0
                ]
            ]
        },
        {
            "file_path": "data/downsampled/_025/4/4_00009.JPG",
            "sharpness": 1919.0074222380788,
            "transform_matrix": [
                [
                    0.996986020906382,
                    -0.07113540253107074,
                    -0.030961728375560427,
                    245.85863282856158
                ],
                [
                    0.067938755388118,
                    0.9932238743365851,
                    -0.0942903015380507,
                    -140.63060284312212
                ],
                [
                    0.037459306368016386,
                    0.09190261124998349,
                    0.9950631690560463,
                    17.92924104639718
                ],
                [
                    0.0,
                    0.0,
                    0.0,
                    1.0
                ]
            ]
        },
        {
            "file_path": "data/downsampled/_025/4/4_00010.JPG",
            "sharpness": 1866.570933883945,
            "transform_matrix": [
                [
                    0.997817173783381,
                    -0.04625716730508358,
                    -0.047129207248328434,
                    244.7406319899611
                ],
                [
                    0.04091893126376017,
                    0.9932497903352354,
                    -0.1085379890326077,
                    -127.82047274849891
                ],
                [
                    0.051831735135706734,
                    0.10637259267273834,
                    0.992974492502653,
                    19.031630755518165
                ],
                [
                    0.0,
                    0.0,
                    0.0,
                    1.0
                ]
            ]
        },
        {
            "file_path": "data/downsampled/_025/4/4_00011.JPG",
            "sharpness": 1777.4416523626974,
            "transform_matrix": [
                [
                    0.9975081967843786,
                    -0.026759652169485,
                    -0.06527877422061433,
                    243.7705863028096
                ],
                [
                    0.02672046234706313,
                    0.9996418587134752,
                    -0.0014734991781733206,
                    -114.89495974288216
                ],
                [
                    0.06529482552191213,
                    -0.00027445152044142736,
                    0.9978659781936781,
                    19.844321063326504
                ],
                [
                    0.0,
                    0.0,
                    0.0,
                    1.0
                ]
            ]
        },
        {
            "file_path": "data/downsampled/_025/4/4_00012.JPG",
            "sharpness": 1744.8383310352178,
            "transform_matrix": [
                [
                    0.9965356412788215,
                    -0.02687115451831593,
                    -0.07870614153838865,
                    242.70489021712433
                ],
                [
                    0.018984531789870866,
                    0.9948774095971533,
                    -0.09929011746380985,
                    -101.88662718098833
                ],
                [
                    0.08097100230161076,
                    0.09745194163335366,
                    0.9919409336538952,
                    19.399416053146354
                ],
                [
                    0.0,
                    0.0,
                    0.0,
                    1.0
                ]
            ]
        },
        {
            "file_path": "data/downsampled/_025/4/4_00013.JPG",
            "sharpness": 1717.9593737131918,
            "transform_matrix": [
                [
                    0.9995203759279692,
                    -0.015493595928873354,
                    -0.026813552357057808,
                    242.44654379251014
                ],
                [
                    0.012916152520390314,
                    0.9955108772985953,
                    -0.09376175224605736,
                    -89.8156336034718
                ],
                [
                    0.028145889733349982,
                    0.09337045392078709,
                    0.9952335239659807,
                    18.30123773812869
                ],
                [
                    0.0,
                    0.0,
                    0.0,
                    1.0
                ]
            ]
        },
        {
            "file_path": "data/downsampled/_025/4/4_00014.JPG",
            "sharpness": 1764.7613278514318,
            "transform_matrix": [
                [
                    0.9980546192445432,
                    -0.016524889201390086,
                    -0.06011576366904316,
                    241.55757804430965
                ],
                [
                    0.011164104406410821,
                    0.9960188269567721,
                    -0.08844127498209538,
                    -77.05464344373466
                ],
                [
                    0.0613379146811597,
                    0.08759808436568482,
                    0.994265676687086,
                    17.161626350194865
                ],
                [
                    0.0,
                    0.0,
                    0.0,
                    1.0
                ]
            ]
        },
        {
            "file_path": "data/downsampled/_025/4/4_00015.JPG",
            "sharpness": 1857.979526557327,
            "transform_matrix": [
                [
                    0.9988579518957463,
                    -0.006864540864895249,
                    -0.04728287230434959,
                    241.0000554234125
                ],
                [
                    0.003168486716557145,
                    0.9969635857105559,
                    -0.07780468789911141,
                    -64.55956874175108
                ],
                [
                    0.04767339537480257,
                    0.07756601604997718,
                    0.9958467555440307,
                    15.938333279769324
                ],
                [
                    0.0,
                    0.0,
                    0.0,
                    1.0
                ]
            ]
        },
        {
            "file_path": "data/downsampled/_025/4/4_00016.JPG",
            "sharpness": 2146.172793854265,
            "transform_matrix": [
                [
                    0.9995632770641587,
                    -0.00944227717490059,
                    -0.02800175970386211,
                    240.60494404174938
                ],
                [
                    0.0075874201123723025,
                    0.9978156732394048,
                    -0.06562250600085284,
                    -51.7261206822745
                ],
                [
                    0.028560220601368834,
                    0.06538138603261597,
                    0.9974515467729025,
                    14.921071689756161
                ],
                [
                    0.0,
                    0.0,
                    0.0,
                    1.0
                ]
            ]
        },
        {
            "file_path": "data/downsampled/_025/4/4_00017.JPG",
            "sharpness": 2345.213269966122,
            "transform_matrix": [
                [
                    0.9993687751285784,
                    -0.004880399471554284,
                    -0.03518853505054647,
                    239.7807050070274
                ],
                [
                    0.0022931758120242544,
                    0.9973151307296324,
                    -0.07319338332411851,
                    -39.07890844060792
                ],
                [
                    0.035451271383416305,
                    0.07306648834270231,
                    0.9966967922284918,
                    13.990878355956625
                ],
                [
                    0.0,
                    0.0,
                    0.0,
                    1.0
                ]
            ]
        },
        {
            "file_path": "data/downsampled/_025/4/4_00018.JPG",
            "sharpness": 2458.8472440467726,
            "transform_matrix": [
                [
                    0.9984812680779241,
                    -0.005986843352074119,
                    -0.054766002265808286,
                    238.92851923555676
                ],
                [
                    0.0012029953557444665,
                    0.9962102253683331,
                    -0.08696976298547031,
                    -26.504384813055097
                ],
                [
                    0.05507912580710454,
                    0.08677179598379044,
                    0.9947044512427158,
                    12.920189591145231
                ],
                [
                    0.0,
                    0.0,
                    0.0,
                    1.0
                ]
            ]
        },
        {
            "file_path": "data/downsampled/_025/4/4_00019.JPG",
            "sharpness": 2605.0820285503128,
            "transform_matrix": [
                [
                    0.9991017226776688,
                    -0.03142622249772772,
                    -0.028427808252459375,
                    238.2350318024354
                ],
                [
                    0.027779918891103126,
                    0.9923076137016934,
                    -0.12063944585439196,
                    -14.399703206143599
                ],
                [
                    0.03200037263718997,
                    0.11974135596849715,
                    0.9922892641875689,
                    12.110114245946875
                ],
                [
                    0.0,
                    0.0,
                    0.0,
                    1.0
                ]
            ]
        },
        {
            "file_path": "data/downsampled/_025/4/4_00020.JPG",
            "sharpness": 2775.7997530461207,
            "transform_matrix": [
                [
                    0.9973221787772333,
                    -0.049115773272856635,
                    -0.05418590716083107,
                    237.45150689636154
                ],
                [
                    0.04473682052460272,
                    0.9958494493113631,
                    -0.07926216749246984,
                    -1.7580404778947099
                ],
                [
                    0.0578540284542256,
                    0.07662581237457909,
                    0.9953800260551512,
                    11.146559629273781
                ],
                [
                    0.0,
                    0.0,
                    0.0,
                    1.0
                ]
            ]
        },
        {
            "file_path": "data/downsampled/_025/4/4_00021.JPG",
            "sharpness": 2808.515830658687,
            "transform_matrix": [
                [
                    0.9989765592958165,
                    -0.0207858000451482,
                    -0.04017193664706208,
                    236.7679402330298
                ],
                [
                    0.01741981922318842,
                    0.9964474955481307,
                    -0.08239501510461344,
                    11.30656434598717
                ],
                [
                    0.04174187197196465,
                    0.08161090081809634,
                    0.9957897755008006,
                    10.080284200461676
                ],
                [
                    0.0,
                    0.0,
                    0.0,
                    1.0
                ]
            ]
        },
        {
            "file_path": "data/downsampled/_025/4/4_00022.JPG",
            "sharpness": 2930.606986959758,
            "transform_matrix": [
                [
                    0.9988425635322928,
                    -0.03509182467274857,
                    -0.03289524460123456,
                    236.24820802134818
                ],
                [
                    0.032401071327682496,
                    0.9963448645668845,
                    -0.07903848067881214,
                    23.823748640683448
                ],
                [
                    0.03554861253349289,
                    0.07788115749225613,
                    0.9963286714004621,
                    9.0770776340417
                ],
                [
                    0.0,
                    0.0,
                    0.0,
                    1.0
                ]
            ]
        },
        {
            "file_path": "data/downsampled/_025/4/4_00023.JPG",
            "sharpness": 2989.024149234318,
            "transform_matrix": [
                [
                    0.9989733396324257,
                    -0.024530490707605865,
                    -0.0380857155542952,
                    235.45261746458033
                ],
                [
                    0.02123934672375322,
                    0.9961940910772169,
                    -0.08453533612393084,
                    36.78369116325523
                ],
                [
                    0.040014458066888955,
                    0.08363963132679289,
                    0.9956923496829387,
                    8.164213047762303
                ],
                [
                    0.0,
                    0.0,
                    0.0,
                    1.0
                ]
            ]
        },
        {
            "file_path": "data/downsampled/_025/4/4_00024.JPG",
            "sharpness": 3086.852463890659,
            "transform_matrix": [
                [
                    0.9986097562502674,
                    -0.03613972024324664,
                    -0.03837284642194459,
                    234.68207703540122
                ],
                [
                    0.03287517546752707,
                    0.9960452955916589,
                    -0.08254085029671282,
                    49.6549251357559
                ],
                [
                    0.04120409639540203,
                    0.08116458433618028,
                    0.9958486494893558,
                    7.619820498131048
                ],
                [
                    0.0,
                    0.0,
                    0.0,
                    1.0
                ]
            ]
        },
        {
            "file_path": "data/downsampled/_025/4/4_00025.JPG",
            "sharpness": 3161.2589071971397,
            "transform_matrix": [
                [
                    0.9985697377286719,
                    -0.024433463658191004,
                    -0.0475550706671326,
                    233.90674316416806
                ],
                [
                    0.021124985074937187,
                    0.9974018196882293,
                    -0.06887194703355644,
                    62.404040148971276
                ],
                [
                    0.04911429423371365,
                    0.06776884192808065,
                    0.9964914300512832,
                    7.289225377194839
                ],
                [
                    0.0,
                    0.0,
                    0.0,
                    1.0
                ]
            ]
        },
        {
            "file_path": "data/downsampled/_025/4/4_00026.JPG",
            "sharpness": 3397.1910017373198,
            "transform_matrix": [
                [
                    0.9987884221813506,
                    -0.0340101371492407,
                    -0.03556681441426099,
                    233.2313479738309
                ],
                [
                    0.031371938961244426,
                    0.9968914469477025,
                    -0.0722720170489808,
                    75.99496737885521
                ],
                [
                    0.03791423429664114,
                    0.07106865394536507,
                    0.9967505993296887,
                    7.03987485223081
                ],
                [
                    0.0,
                    0.0,
                    0.0,
                    1.0
                ]
            ]
        },
        {
            "file_path": "data/downsampled/_025/4/4_00027.JPG",
            "sharpness": 3349.4527912261847,
            "transform_matrix": [
                [
                    0.9993828110730705,
                    -0.013337520530866937,
                    -0.03249780727644236,
                    232.69612474580765
                ],
                [
                    0.009665160293222527,
                    0.9938127121603572,
                    -0.1106475387208466,
                    89.40170529139495
                ],
                [
                    0.03377249780804496,
                    0.11026515176865097,
                    0.9933282512328148,
                    6.933941915744128
                ],
                [
                    0.0,
                    0.0,
                    0.0,
                    1.0
                ]
            ]
        },
        {
            "file_path": "data/downsampled/_025/4/4_00028.JPG",
            "sharpness": 3568.0542767496363,
            "transform_matrix": [
                [
                    0.9989466201935062,
                    -0.04479724357373246,
                    -0.009942684354185884,
                    232.12449017787364
                ],
                [
                    0.04369044033107196,
                    0.9947661551481071,
                    -0.09236580533687211,
                    101.09670731563084
                ],
                [
                    0.014028379366424547,
                    0.09183410880521245,
                    0.9956754998654451,
                    6.917833378315493
                ],
                [
                    0.0,
                    0.0,
                    0.0,
                    1.0
                ]
            ]
        },
        {
            "file_path": "data/downsampled/_025/4/4_00029.JPG",
            "sharpness": 3489.437072928084,
            "transform_matrix": [
                [
                    0.9984375890696524,
                    -0.03938474887471657,
                    -0.03963864640544845,
                    231.28821535422236
                ],
                [
                    0.037049458258721565,
                    0.9976278192855084,
                    -0.058017857857529845,
                    113.37888927505672
                ],
                [
                    0.04182963513486471,
                    0.056458619746826984,
                    0.9975282982857016,
                    6.6721226125616795
                ],
                [
                    0.0,
                    0.0,
                    0.0,
                    1.0
                ]
            ]
        },
        {
            "file_path": "data/downsampled/_025/4/4_00030.JPG",
            "sharpness": 3395.4185268419387,
            "transform_matrix": [
                [
                    0.9961422743520513,
                    -0.01861521006472995,
                    -0.08575571819400032,
                    230.1352902468018
                ],
                [
                    0.011452599137116756,
                    0.9964611746922617,
                    -0.0832704347528138,
                    126.43493530030024
                ],
                [
                    0.08700234032327714,
                    0.0819670743967606,
                    0.9928302934001905,
                    6.446888188106982
                ],
                [
                    0.0,
                    0.0,
                    0.0,
                    1.0
                ]
            ]
        },
        {
            "file_path": "data/downsampled/_025/4/4_00031.JPG",
            "sharpness": 3290.541788538504,
            "transform_matrix": [
                [
                    0.9987548553429211,
                    -0.0016190341640630824,
                    -0.04986098331678587,
                    229.68908186582894
                ],
                [
                    -0.002782502001278223,
                    0.9961094870988823,
                    -0.08808034624258919,
                    139.26745885747374
                ],
                [
                    0.04980960360767876,
                    0.08810941175593621,
                    0.9948646817273535,
                    6.580064215842185
                ],
                [
                    0.0,
                    0.0,
                    0.0,
                    1.0
                ]
            ]
        },
        {
            "file_path": "data/downsampled/_025/4/4_00032.JPG",
            "sharpness": 3116.8611277675927,
            "transform_matrix": [
                [
                    0.9976559469832197,
                    -0.06383295082309891,
                    -0.024656963280807975,
                    229.40593411645946
                ],
                [
                    0.06120614017856553,
                    0.9935348332488316,
                    -0.09561560294040819,
                    151.4443284858594
                ],
                [
                    0.03060097798203614,
                    0.09388231734694157,
                    0.9951129034617684,
                    6.826474005478985
                ],
                [
                    0.0,
                    0.0,
                    0.0,
                    1.0
                ]
            ]
        },
        {
            "file_path": "data/downsampled/_025/4/4_00033.JPG",
            "sharpness": 2810.7454090779725,
            "transform_matrix": [
                [
                    0.9985749702573442,
                    -0.04813176097809388,
                    -0.02305129846000814,
                    228.79401571211002
                ],
                [
                    0.045871297693823164,
                    0.9948682704089944,
                    -0.0901828619045787,
                    164.68473708385756
                ],
                [
                    0.027273665383101445,
                    0.08899695567019864,
                    0.9956584198699909,
                    7.181564971848388
                ],
                [
                    0.0,
                    0.0,
                    0.0,
                    1.0
                ]
            ]
        },
        {
            "file_path": "data/downsampled/_025/4/4_00034.JPG",
            "sharpness": 2717.5128394982116,
            "transform_matrix": [
                [
                    0.9982560749581435,
                    -0.04612019499004808,
                    -0.03684747512709609,
                    228.18312469559766
                ],
                [
                    0.042631861542872816,
                    0.9949910328464772,
                    -0.09041774680055772,
                    176.55963608226352
                ],
                [
                    0.040832991447496726,
                    0.08868918856986115,
                    0.9952220328350193,
                    7.222802916472574
                ],
                [
                    0.0,
                    0.0,
                    0.0,
                    1.0
                ]
            ]
        },
        {
            "file_path": "data/downsampled/_025/4/4_00035.JPG",
            "sharpness": 2607.722470875455,
            "transform_matrix": [
                [
                    0.9986292262762742,
                    -0.03909491317107974,
                    -0.03480310605386416,
                    227.38439270200345
                ],
                [
                    0.03583068023127331,
                    0.9953036081989631,
                    -0.08992713639546783,
                    188.9007631301685
                ],
                [
                    0.03815535062104684,
                    0.08855684767577587,
                    0.9953400694982165,
                    7.220131377050166
                ],
                [
                    0.0,
                    0.0,
                    0.0,
                    1.0
                ]
            ]
        },
        {
            "file_path": "data/downsampled/_025/4/4_00036.JPG",
            "sharpness": 2603.3331071541224,
            "transform_matrix": [
                [
                    0.998804689106603,
                    -0.03197186640469066,
                    -0.0369728654186169,
                    226.6353860068974
                ],
                [
                    0.028476988436407166,
                    0.9954006727916317,
                    -0.0914689113063005,
                    200.79259198509936
                ],
                [
                    0.03972724692519325,
                    0.0903067016592221,
                    0.9951213219940457,
                    7.140865785754386
                ],
                [
                    0.0,
                    0.0,
                    0.0,
                    1.0
                ]
            ]
        },
        {
            "file_path": "data/downsampled/_025/4/4_00037.JPG",
            "sharpness": 2610.7977446652235,
            "transform_matrix": [
                [
                    0.9993868774009829,
                    -0.03439858815502958,
                    -0.006527358704231269,
                    225.92360405539253
                ],
                [
                    0.033869653767093826,
                    0.9970605817259073,
                    -0.06872439830287982,
                    212.84022634193434
                ],
                [
                    0.00887219434019747,
                    0.06846118244185054,
                    0.9976143296215494,
                    7.0066634017860565
                ],
                [
                    0.0,
                    0.0,
                    0.0,
                    1.0
                ]
            ]
        },
        {
            "file_path": "data/downsampled/_025/4/4_00038.JPG",
            "sharpness": 2694.468246503822,
            "transform_matrix": [
                [
                    0.997553573899569,
                    -0.052588458647296714,
                    -0.046057803001218194,
                    224.98524844136543
                ],
                [
                    0.04836097714099658,
                    0.9948987596631986,
                    -0.08853063825928832,
                    225.01847109010316
                ],
                [
                    0.05047854088784129,
                    0.08608665423705653,
                    0.9950080426167941,
                    7.085543944003575
                ],
                [
                    0.0,
                    0.0,
                    0.0,
                    1.0
                ]
            ]
        },
        {
            "file_path": "data/downsampled/_025/4/4_00039.JPG",
            "sharpness": 3169.764800230527,
            "transform_matrix": [
                [
                    -0.9877695977266552,
                    0.1156133958372502,
                    -0.10461722855199715,
                    184.7958556129916
                ],
                [
                    -0.12332328867664873,
                    -0.9898602449813029,
                    0.07048447967837024,
                    264.4670923329234
                ],
                [
                    -0.09540748543430681,
                    0.08252416681514527,
                    0.9920116801805149,
                    6.479331019504571
                ],
                [
                    0.0,
                    0.0,
                    0.0,
                    1.0
                ]
            ]
        },
        {
            "file_path": "data/downsampled/_025/4/4_00040.JPG",
            "sharpness": 3343.7132799635506,
            "transform_matrix": [
                [
                    -0.9965010362579217,
                    0.048845957183773867,
                    -0.06782150988948213,
                    185.8073181107968
                ],
                [
                    -0.05403866432715959,
                    -0.9955680242213664,
                    0.07696838250672523,
                    252.24252398052647
                ],
                [
                    -0.06376133228395374,
                    0.08036405673412668,
                    0.9947241380858358,
                    5.8876887047121045
                ],
                [
                    0.0,
                    0.0,
                    0.0,
                    1.0
                ]
            ]
        },
        {
            "file_path": "data/downsampled/_025/4/4_00041.JPG",
            "sharpness": 3368.6482819477096,
            "transform_matrix": [
                [
                    -0.9969227229188029,
                    0.0428863033030213,
                    -0.06561897223487576,
                    187.033041183178
                ],
                [
                    -0.046538293281130204,
                    -0.9973914475050079,
                    0.055176876518565746,
                    239.7843642449243
                ],
                [
                    -0.06308146943944508,
                    0.05806087695571611,
                    0.9963180530234779,
                    5.072203544894933
                ],
                [
                    0.0,
                    0.0,
                    0.0,
                    1.0
                ]
            ]
        },
        {
            "file_path": "data/downsampled/_025/4/4_00042.JPG",
            "sharpness": 3286.3475110185786,
            "transform_matrix": [
                [
                    -0.9979814581346926,
                    0.023152964078731346,
                    -0.05913501055823104,
                    188.0568350192224
                ],
                [
                    -0.02681481060454451,
                    -0.9977220802100589,
                    0.06190005325971545,
                    227.0847298458632
                ],
                [
                    -0.057567136037808324,
                    0.06336079951896266,
                    0.996328978767918,
                    5.436802175892353
                ],
                [
                    0.0,
                    0.0,
                    0.0,
                    1.0
                ]
            ]
        },
        {
            "file_path": "data/downsampled/_025/4/4_00043.JPG",
            "sharpness": 3152.0164521919014,
            "transform_matrix": [
                [
                    -0.9974855792223905,
                    0.027139426677213224,
                    -0.065467325919153,
                    188.9154047053019
                ],
                [
                    -0.030431009911868458,
                    -0.9982946846523273,
                    0.049816425309877274,
                    214.64437421173153
                ],
                [
                    -0.06400369426147369,
                    0.051683402698961156,
                    0.9966104319172766,
                    5.961801082650993
                ],
                [
                    0.0,
                    0.0,
                    0.0,
                    1.0
                ]
            ]
        },
        {
            "file_path": "data/downsampled/_025/4/4_00044.JPG",
            "sharpness": 3060.4095510414522,
            "transform_matrix": [
                [
                    -0.9976298594210931,
                    0.038696289214173764,
                    -0.05689693131007466,
                    189.70511906499743
                ],
                [
                    -0.041545084700180986,
                    -0.9978962869724202,
                    0.04976953268730405,
