{
    "camera_angle_x": 0.86,
    "camera_angle_y": 0.59,
    "fl_x": 3574.5049867695207,
    "fl_y": 3574.5049867695207,
    "k1": -0.006337414014651379,
    "k2": -0.061534936860702154,
    "p1": -0.0014092239651047748,
    "p2": 9.249850279926745e-05,
    "cx": 750.0,
    "cy": 500.0,
    "w": 1500.0,
    "h": 1000.0,
    "aabb_scale": 4,
    "frames": [
        {
            "file_path": "data/downsampled/_025/4/4_00001.JPG",
            "sharpness": 1395.2258543820578,
            "transform_matrix": [
                [
                    0.9982514016438419,
                    -0.024275157007488536,
                    -0.05389671481980709,
                    0.5841254374996535
                ],
                [
                    0.01608766223038386,
                    0.988938563588505,
                    -0.14745068521870627,
                    -0.944337765704328
                ],
                [
                    0.056879928270585176,
                    0.14632578104957003,
                    0.9875998377683982,
                    1.4460381942997076
                ],
                [
                    0.0,
                    0.0,
                    0.0,
                    1.0
                ]
            ]
        },
        {
            "file_path": "data/downsampled/_025/4/4_00002.JPG",
            "sharpness": 1455.766041640704,
            "transform_matrix": [
                [
                    0.9949001678417555,
                    -0.09577073400828699,
                    -0.031648420749869656,
                    0.667861178731997
                ],
                [
                    0.09088864625971972,
                    0.987283478300136,
                    -0.1304246428274189,
                    -0.859648470398102
                ],
                [
                    0.04373682669698808,
                    0.12688301692148632,
                    0.9909529706335107,
                    1.4859549712681102
                ],
                [
                    0.0,
                    0.0,
                    0.0,
                    1.0
                ]
            ]
        },
        {
            "file_path": "data/downsampled/_025/4/4_00003.JPG",
            "sharpness": 1607.3650875321455,
            "transform_matrix": [
                [
                    0.9962970777300816,
                    -0.08271276174314587,
                    -0.023467678865223458,
                    0.6621051313668086
                ],
                [
                    0.07949082988375357,
                    0.9901614473668474,
                    -0.11515865626509071,
                    -0.827827868534602
                ],
                [
                    0.032761881369845314,
                    0.11286676744379076,
                    0.9930698625655182,
                    1.5138924842377688
                ],
                [
                    0.0,
                    0.0,
                    0.0,
                    1.0
                ]
            ]
        },
        {
            "file_path": "data/downsampled/_025/4/4_00004.JPG",
            "sharpness": 1653.906119608433,
            "transform_matrix": [
                [
                    0.9945225780439265,
                    -0.08191712145995782,
                    -0.06491861807352786,
                    0.6147158836695402
                ],
                [
                    0.0731943201606129,
                    0.9892082905685445,
                    -0.1269233996026071,
                    -0.814012557161881
                ],
                [
                    0.07461523475194425,
                    0.12147651247122593,
                    0.9897858473734306,
                    1.5540839114143912
                ],
                [
                    0.0,
                    0.0,
                    0.0,
                    1.0
                ]
            ]
        },
        {
            "file_path": "data/downsampled/_025/4/4_00005.JPG",
            "sharpness": 1824.9223738241599,
            "transform_matrix": [
                [
                    0.9952926153916255,
                    -0.0693740449325157,
                    -0.06767460111887606,
                    0.5967944988172936
                ],
                [
                    0.0622965692662659,
                    0.9928721330888818,
                    -0.10160740520841417,
                    -0.772666085802699
                ],
                [
                    0.07424114226324255,
                    0.09691320459687024,
                    0.9925200670869149,
                    1.606631484683932
                ],
                [
                    0.0,
                    0.0,
                    0.0,
                    1.0
                ]
            ]
        },
        {
            "file_path": "data/downsampled/_025/4/4_00006.JPG",
            "sharpness": 1927.035707828831,
            "transform_matrix": [
                [
                    0.9949993490857149,
                    -0.0784325576162011,
                    -0.06184358677166589,
                    0.6047889165570928
                ],
                [
                    0.07105158249128685,
                    0.9909768766273652,
                    -0.11365079240970934,
                    -0.7492739821281369
                ],
                [
                    0.07019948678222035,
                    0.10868837976367243,
                    0.9915941045406936,
                    1.5988635379214422
                ],
                [
                    0.0,
                    0.0,
                    0.0,
                    1.0
                ]
            ]
        },
        {
            "file_path": "data/downsampled/_025/4/4_00007.JPG",
            "sharpness": 1955.5274842301856,
            "transform_matrix": [
                [
                    0.9965808265625002,
                    -0.07250623653170826,
                    -0.039616938195825735,
                    0.6182976698143008
                ],
                [
                    0.0682186727959808,
                    0.9925902945476479,
                    -0.10055207532302832,
                    -0.7122033927291443
                ],
                [
                    0.04661404090999626,
                    0.0975056553940387,
                    0.9941427354038351,
                    1.607331562043399
                ],
                [
                    0.0,
                    0.0,
                    0.0,
                    1.0
                ]
            ]
        },
        {
            "file_path": "data/downsampled/_025/4/4_00008.JPG",
            "sharpness": 2026.886047338026,
            "transform_matrix": [
                [
                    0.9981338293631583,
                    -0.05347807759025985,
                    -0.02947802398546978,
                    0.6125370345674503
                ],
                [
                    0.05068975494962176,
                    0.9947978767597532,
                    -0.08836137808700022,
                    -0.6829805191856316
                ],
                [
                    0.03405007230513729,
                    0.08670224686556083,
                    0.9956522048207789,
                    1.6235411044698476
                ],
                [
                    0.0,
                    0.0,
                    0.0,
                    1.0
                ]
            ]
        },
        {
            "file_path": "data/downsampled/_025/4/4_00009.JPG",
            "sharpness": 1919.0074222380788,
            "transform_matrix": [
                [
                    0.996986020906382,
                    -0.07113540253107074,
                    -0.030961728375560427,
                    0.6180932049374923
                ],
                [
                    0.067938755388118,
                    0.9932238743365851,
                    -0.0942903015380507,
                    -0.6498762332844656
                ],
                [
                    0.037459306368016386,
                    0.09190261124998349,
                    0.9950631690560463,
                    1.631039450767042
                ],
                [
                    0.0,
                    0.0,
                    0.0,
                    1.0
                ]
            ]
        },
        {
            "file_path": "data/downsampled/_025/4/4_00010.JPG",
            "sharpness": 1866.570933883945,
            "transform_matrix": [
                [
                    0.997817173783381,
                    -0.04625716730508358,
                    -0.047129207248328434,
                    0.5807707528191303
                ],
                [
                    0.04091893126376017,
                    0.9932497903352354,
                    -0.1085379890326077,
                    -0.6480970743578459
                ],
                [
                    0.051831735135706734,
                    0.10637259267273834,
                    0.992974492502653,
                    1.6360795356529858
                ],
                [
                    0.0,
                    0.0,
                    0.0,
                    1.0
                ]
            ]
        },
        {
            "file_path": "data/downsampled/_025/4/4_00011.JPG",
            "sharpness": 1777.4416523626974,
            "transform_matrix": [
                [
                    0.9975081967843786,
                    -0.026759652169485,
                    -0.06527877422061433,
                    0.5460298627276287
                ],
                [
                    0.02672046234706313,
                    0.9996418587134752,
                    -0.0014734991781733206,
                    -0.5324280386224137
                ],
                [
                    0.06529482552191213,
                    -0.00027445152044142736,
                    0.9978659781936781,
                    1.7773311089232378
                ],
                [
                    0.0,
                    0.0,
                    0.0,
                    1.0
                ]
            ]
        },
        {
            "file_path": "data/downsampled/_025/4/4_00012.JPG",
            "sharpness": 1744.8383310352178,
            "transform_matrix": [
                [
                    0.9965356412788215,
                    -0.02687115451831593,
                    -0.07870614153838865,
                    0.5282746376885216
                ],
                [
                    0.018984531789870866,
                    0.9948774095971533,
                    -0.09929011746380985,
                    -0.5925822471689933
                ],
                [
                    0.08097100230161076,
                    0.09745194163335366,
                    0.9919409336538952,
                    1.685481759524642
                ],
                [
                    0.0,
                    0.0,
                    0.0,
                    1.0
                ]
            ]
        },
        {
            "file_path": "data/downsampled/_025/4/4_00013.JPG",
            "sharpness": 1717.9593737131918,
            "transform_matrix": [
                [
                    0.9995203759279692,
                    -0.015493595928873354,
                    -0.026813552357057808,
                    0.5751110715453612
                ],
                [
                    0.012916152520390314,
                    0.9955108772985953,
                    -0.09376175224605736,
                    -0.5629426096397132
                ],
                [
                    0.028145889733349982,
                    0.09337045392078709,
                    0.9952335239659807,
                    1.6422330154787497
                ],
                [
                    0.0,
                    0.0,
                    0.0,
                    1.0
                ]
            ]
        },
        {
            "file_path": "data/downsampled/_025/4/4_00014.JPG",
            "sharpness": 1764.7613278514318,
            "transform_matrix": [
                [
                    0.9980546192445432,
                    -0.016524889201390086,
                    -0.06011576366904316,
                    0.5383864841074405
                ],
                [
                    0.011164104406410821,
                    0.9960188269567721,
                    -0.08844127498209538,
                    -0.5295419513925684
                ],
                [
                    0.0613379146811597,
                    0.08759808436568482,
                    0.994265676687086,
                    1.67883944219429
                ],
                [
                    0.0,
                    0.0,
                    0.0,
                    1.0
                ]
            ]
        },
        {
            "file_path": "data/downsampled/_025/4/4_00015.JPG",
            "sharpness": 1857.979526557327,
            "transform_matrix": [
                [
                    0.9988579518957463,
                    -0.006864540864895249,
                    -0.04728287230434959,
                    0.545346480015976
                ],
                [
                    0.003168486716557145,
                    0.9969635857105559,
                    -0.07780468789911141,
                    -0.4954247603434541
                ],
                [
                    0.04767339537480257,
                    0.07756601604997718,
                    0.9958467555440307,
                    1.6753584388714866
                ],
                [
                    0.0,
                    0.0,
                    0.0,
                    1.0
                ]
            ]
        },
        {
            "file_path": "data/downsampled/_025/4/4_00016.JPG",
            "sharpness": 2146.172793854265,
            "transform_matrix": [
                [
                    0.9995632770641587,
                    -0.00944227717490059,
                    -0.02800175970386211,
                    0.5651423171476768
                ],
                [
                    0.0075874201123723025,
                    0.9978156732394048,
                    -0.06562250600085284,
                    -0.4525902521242145
                ],
                [
                    0.028560220601368834,
                    0.06538138603261597,
                    0.9974515467729025,
                    1.6681005736239862
                ],
                [
                    0.0,
                    0.0,
                    0.0,
                    1.0
                ]
            ]
        },
        {
            "file_path": "data/downsampled/_025/4/4_00017.JPG",
            "sharpness": 2345.213269966122,
            "transform_matrix": [
                [
                    0.9993687751285784,
                    -0.004880399471554284,
                    -0.03518853505054647,
                    0.5535514150612492
                ],
                [
                    0.0022931758120242544,
                    0.9973151307296324,
                    -0.07319338332411851,
                    -0.4324751129866834
                ],
                [
                    0.035451271383416305,
                    0.07306648834270231,
                    0.9966967922284918,
                    1.6677398682012723
                ],
                [
                    0.0,
                    0.0,
                    0.0,
                    1.0
                ]
            ]
        },
        {
            "file_path": "data/downsampled/_025/4/4_00018.JPG",
            "sharpness": 2458.8472440467726,
            "transform_matrix": [
                [
                    0.9984812680779241,
                    -0.005986843352074119,
                    -0.054766002265808286,
                    0.5316161559588299
                ],
                [
                    0.0012029953557444665,
                    0.9962102253683331,
                    -0.08696976298547031,
                    -0.4156103922001958
                ],
                [
                    0.05507912580710454,
                    0.08677179598379044,
                    0.9947044512427158,
                    1.674154508709588
                ],
                [
                    0.0,
                    0.0,
                    0.0,
                    1.0
                ]
            ]
        },
        {
            "file_path": "data/downsampled/_025/4/4_00019.JPG",
            "sharpness": 2605.0820285503128,
            "transform_matrix": [
                [
                    0.9991017226776688,
                    -0.03142622249772772,
                    -0.028427808252459375,
                    0.565244632621455
                ],
                [
                    0.027779918891103126,
                    0.9923076137016934,
                    -0.12063944585439196,
                    -0.402312438144308
                ],
                [
                    0.03200037263718997,
                    0.11974135596849715,
                    0.9922892641875689,
                    1.6288811302879023
                ],
                [
                    0.0,
                    0.0,
                    0.0,
                    1.0
                ]
            ]
        },
        {
            "file_path": "data/downsampled/_025/4/4_00020.JPG",
            "sharpness": 2775.7997530461207,
            "transform_matrix": [
                [
                    0.9973221787772333,
                    -0.049115773272856635,
                    -0.05418590716083107,
                    0.5411937182042179
                ],
                [
                    0.04473682052460272,
                    0.9958494493113631,
                    -0.07926216749246984,
                    -0.32841207085604857
                ],
                [
                    0.0578540284542256,
                    0.07662581237457909,
                    0.9953800260551512,
                    1.6847466836941885
                ],
                [
                    0.0,
                    0.0,
                    0.0,
                    1.0
                ]
            ]
        },
        {
            "file_path": "data/downsampled/_025/4/4_00021.JPG",
            "sharpness": 2808.515830658687,
            "transform_matrix": [
                [
                    0.9989765592958165,
                    -0.0207858000451482,
                    -0.04017193664706208,
                    0.5447479789931196
                ],
                [
                    0.01741981922318842,
                    0.9964474955481307,
                    -0.08239501510461344,
                    -0.31507818560604833
                ],
                [
                    0.04174187197196465,
                    0.08161090081809634,
                    0.9957897755008006,
                    1.6668795865732349
                ],
                [
                    0.0,
                    0.0,
                    0.0,
                    1.0
                ]
            ]
        },
        {
            "file_path": "data/downsampled/_025/4/4_00022.JPG",
            "sharpness": 2930.606986959758,
            "transform_matrix": [
                [
                    0.9988425635322928,
                    -0.03509182467274857,
                    -0.03289524460123456,
                    0.5535150436419177
                ],
                [
                    0.032401071327682496,
                    0.9963448645668845,
                    -0.07903848067881214,
                    -0.2751909315157648
                ],
                [
                    0.03554861253349289,
                    0.07788115749225613,
                    0.9963286714004621,
                    1.663317531346331
                ],
                [
                    0.0,
                    0.0,
                    0.0,
                    1.0
                ]
            ]
        },
        {
            "file_path": "data/downsampled/_025/4/4_00023.JPG",
            "sharpness": 2989.024149234318,
            "transform_matrix": [
                [
                    0.9989733396324257,
                    -0.024530490707605865,
                    -0.0380857155542952,
                    0.5430103317932368
                ],
                [
                    0.02123934672375322,
                    0.9961940910772169,
                    -0.08453533612393084,
                    -0.25560337960156704
                ],
                [
                    0.040014458066888955,
                    0.08363963132679289,
                    0.9956923496829387,
                    1.6648119105829842
                ],
                [
                    0.0,
                    0.0,
                    0.0,
                    1.0
                ]
            ]
        },
        {
            "file_path": "data/downsampled/_025/4/4_00024.JPG",
            "sharpness": 3086.852463890659,
            "transform_matrix": [
                [
                    0.9986097562502674,
                    -0.03613972024324664,
                    -0.03837284642194459,
                    0.5418634480526283
                ],
                [
                    0.03287517546752707,
                    0.9960452955916589,
                    -0.08254085029671282,
                    -0.21798091421138163
                ],
                [
                    0.04120409639540203,
                    0.08116458433618028,
                    0.9958486494893558,
                    1.669197580246325
                ],
                [
                    0.0,
                    0.0,
                    0.0,
                    1.0
                ]
            ]
        },
        {
            "file_path": "data/downsampled/_025/4/4_00025.JPG",
            "sharpness": 3161.2589071971397,
            "transform_matrix": [
                [
                    0.9985697377286719,
                    -0.024433463658191004,
                    -0.0475550706671326,
                    0.52786997257572
                ],
                [
                    0.021124985074937187,
                    0.9974018196882293,
                    -0.06887194703355644,
                    -0.18261796432487154
                ],
                [
                    0.04911429423371365,
                    0.06776884192808065,
                    0.9964914300512832,
                    1.6842245541068877
                ],
                [
                    0.0,
                    0.0,
                    0.0,
                    1.0
                ]
            ]
        },
        {
            "file_path": "data/downsampled/_025/4/4_00026.JPG",
            "sharpness": 3397.1910017373198,
            "transform_matrix": [
                [
                    0.9987884221813506,
                    -0.0340101371492407,
                    -0.03556681441426099,
                    0.5382856021759405
                ],
                [
                    0.031371938961244426,
                    0.9968914469477025,
                    -0.0722720170489808,
                    -0.14880871644163418
                ],
                [
                    0.03791423429664114,
                    0.07106865394536507,
                    0.9967505993296887,
                    1.676063216077015
                ],
                [
                    0.0,
                    0.0,
                    0.0,
                    1.0
                ]
            ]
        },
        {
            "file_path": "data/downsampled/_025/4/4_00027.JPG",
            "sharpness": 3349.4527912261847,
            "transform_matrix": [
                [
                    0.9993828110730705,
                    -0.013337520530866937,
                    -0.03249780727644236,
                    0.5374380044112382
                ],
                [
                    0.009665160293222527,
                    0.9938127121603572,
                    -0.1106475387208466,
                    -0.162228233376714
                ],
                [
                    0.03377249780804496,
                    0.11026515176865097,
                    0.9933282512328148,
                    1.664830840664835
                ],
                [
                    0.0,
                    0.0,
                    0.0,
                    1.0
                ]
            ]
        },
        {
            "file_path": "data/downsampled/_025/4/4_00028.JPG",
            "sharpness": 3568.0542767496363,
            "transform_matrix": [
                [
                    0.9989466201935062,
                    -0.04479724357373246,
                    -0.009942684354185884,
                    0.5590009580957819
                ],
                [
                    0.04369044033107196,
                    0.9947661551481071,
                    -0.09236580533687211,
                    -0.10198486674034218
                ],
                [
                    0.014028379366424547,
                    0.09183410880521245,
                    0.9956754998654451,
                    1.6568563896084505
                ],
                [
                    0.0,
                    0.0,
                    0.0,
                    1.0
                ]
            ]
        },
        {
            "file_path": "data/downsampled/_025/4/4_00029.JPG",
            "sharpness": 3489.437072928084,
            "transform_matrix": [
                [
                    0.9984375890696524,
                    -0.03938474887471657,
                    -0.03963864640544845,
                    0.5258389036921469
                ],
                [
                    0.037049458258721565,
                    0.9976278192855084,
                    -0.058017857857529845,
                    -0.04687459935041005
                ],
                [
                    0.04182963513486471,
                    0.056458619746826984,
                    0.9975282982857016,
                    1.691227905852997
                ],
                [
                    0.0,
                    0.0,
                    0.0,
                    1.0
                ]
            ]
        },
        {
            "file_path": "data/downsampled/_025/4/4_00030.JPG",
            "sharpness": 3395.4185268419387,
            "transform_matrix": [
                [
                    0.9961422743520513,
                    -0.01861521006472995,
                    -0.08575571819400032,
                    0.475306489990068
                ],
                [
                    0.011452599137116756,
                    0.9964611746922617,
                    -0.0832704347528138,
                    -0.051644526892671815
                ],
                [
                    0.08700234032327714,
                    0.0819670743967606,
                    0.9928302934001905,
                    1.7290526714909653
                ],
                [
                    0.0,
                    0.0,
                    0.0,
                    1.0
                ]
            ]
        },
        {
            "file_path": "data/downsampled/_025/4/4_00031.JPG",
            "sharpness": 3290.541788538504,
            "transform_matrix": [
                [
                    0.9987548553429211,
                    -0.0016190341640630824,
                    -0.04986098331678587,
                    0.5110916102297113
                ],
                [
                    -0.002782502001278223,
                    0.9961094870988823,
                    -0.08808034624258919,
                    -0.033305489360529295
                ],
                [
                    0.04980960360767876,
                    0.08810941175593621,
                    0.9948646817273535,
                    1.7028075903675393
                ],
                [
                    0.0,
                    0.0,
                    0.0,
                    1.0
                ]
            ]
        },
        {
            "file_path": "data/downsampled/_025/4/4_00032.JPG",
            "sharpness": 3116.8611277675927,
            "transform_matrix": [
                [
                    0.9976559469832197,
                    -0.06383295082309891,
                    -0.024656963280807975,
                    0.529287982110141
                ],
                [
                    0.06120614017856553,
                    0.9935348332488316,
                    -0.09561560294040819,
                    0.020036746032710374
                ],
                [
                    0.03060097798203614,
                    0.09388231734694157,
                    0.9951129034617684,
                    1.6916106301499574
                ],
                [
                    0.0,
                    0.0,
                    0.0,
                    1.0
                ]
            ]
        },
        {
            "file_path": "data/downsampled/_025/4/4_00033.JPG",
            "sharpness": 2810.7454090779725,
            "transform_matrix": [
                [
                    0.9985749702573442,
                    -0.04813176097809388,
                    -0.02305129846000814,
                    0.5294056692103124
                ],
                [
                    0.045871297693823164,
                    0.9948682704089944,
                    -0.0901828619045787,
                    0.04772724215964456
                ],
                [
                    0.027273665383101445,
                    0.08899695567019864,
                    0.9956584198699909,
                    1.6953485734072375
                ],
                [
                    0.0,
                    0.0,
                    0.0,
                    1.0
                ]
            ]
        },
        {
            "file_path": "data/downsampled/_025/4/4_00034.JPG",
            "sharpness": 2717.5128394982116,
            "transform_matrix": [
                [
                    0.9982560749581435,
                    -0.04612019499004808,
                    -0.03684747512709609,
                    0.5128679826461384
                ],
                [
                    0.042631861542872816,
                    0.9949910328464772,
                    -0.09041774680055772,
                    0.07332523546500543
                ],
                [
                    0.040832991447496726,
                    0.08868918856986115,
                    0.9952220328350193,
                    1.7120323598187221
                ],
                [
                    0.0,
                    0.0,
                    0.0,
                    1.0
                ]
            ]
        },
        {
            "file_path": "data/downsampled/_025/4/4_00035.JPG",
            "sharpness": 2607.722470875455,
            "transform_matrix": [
                [
                    0.9986292262762742,
                    -0.03909491317107974,
                    -0.03480310605386416,
                    0.5127931196723085
                ],
                [
                    0.03583068023127331,
                    0.9953036081989631,
                    -0.08992713639546783,
                    0.09891410773971906
                ],
                [
                    0.03815535062104684,
                    0.08855684767577587,
                    0.9953400694982165,
                    1.7143368911898196
                ],
                [
                    0.0,
                    0.0,
                    0.0,
                    1.0
                ]
            ]
        },
        {
            "file_path": "data/downsampled/_025/4/4_00036.JPG",
            "sharpness": 2603.3331071541224,
            "transform_matrix": [
                [
                    0.998804689106603,
                    -0.03197186640469066,
                    -0.0369728654186169,
                    0.509107145084976
                ],
                [
                    0.028476988436407166,
                    0.9954006727916317,
                    -0.0914689113063005,
                    0.12142744622308425
                ],
                [
                    0.03972724692519325,
                    0.0903067016592221,
                    0.9951213219940457,
                    1.7202178835301258
                ],
                [
                    0.0,
                    0.0,
                    0.0,
                    1.0
                ]
            ]
        },
        {
            "file_path": "data/downsampled/_025/4/4_00037.JPG",
            "sharpness": 2610.7977446652235,
            "transform_matrix": [
                [
                    0.9993868774009829,
                    -0.03439858815502958,
                    -0.006527358704231269,
                    0.5359401524842843
                ],
                [
                    0.033869653767093826,
                    0.9970605817259073,
                    -0.06872439830287982,
                    0.1722706671375243
                ],
                [
                    0.00887219434019747,
                    0.06846118244185054,
                    0.9976143296215494,
                    1.6908114775138274
                ],
                [
                    0.0,
                    0.0,
                    0.0,
                    1.0
                ]
            ]
        },
        {
            "file_path": "data/downsampled/_025/4/4_00038.JPG",
            "sharpness": 2694.468246503822,
            "transform_matrix": [
                [
                    0.997553573899569,
                    -0.052588458647296714,
                    -0.046057803001218194,
                    0.48751875469088557
                ],
                [
                    0.04836097714099658,
                    0.9948987596631986,
                    -0.08853063825928832,
                    0.18959692926754546
                ],
                [
                    0.05047854088784129,
                    0.08608665423705653,
                    0.9950080426167941,
                    1.7371058600988922
                ],
                [
                    0.0,
                    0.0,
                    0.0,
                    1.0
                ]
            ]
        },
        {
            "file_path": "data/downsampled/_025/4/4_00039.JPG",
            "sharpness": 3169.764800230527,
            "transform_matrix": [
                [
                    -0.9877695977266552,
                    0.1156133958372502,
                    -0.10461722855199715,
                    -0.4975941387821729
                ],
                [
                    -0.12332328867664873,
                    -0.9898602449813029,
                    0.07048447967837024,
                    -0.3202841624324543
                ],
                [
                    -0.09540748543430681,
                    0.08252416681514527,
                    0.9920116801805149,
                    1.6240385766224263
                ],
                [
                    0.0,
                    0.0,
                    0.0,
                    1.0
                ]
            ]
        },
        {
            "file_path": "data/downsampled/_025/4/4_00040.JPG",
            "sharpness": 3343.7132799635506,
            "transform_matrix": [
                [
                    -0.9965010362579217,
                    0.048845957183773867,
                    -0.06782150988948213,
                    -0.4945926721778401
                ],
                [
                    -0.05403866432715959,
                    -0.9955680242213664,
                    0.07696838250672523,
                    -0.26100838073262417
                ],
                [
                    -0.06376133228395374,
                    0.08036405673412668,
                    0.9947241380858358,
                    1.6436584155932499
                ],
                [
                    0.0,
                    0.0,
                    0.0,
                    1.0
                ]
            ]
        },
        {
            "file_path": "data/downsampled/_025/4/4_00041.JPG",
            "sharpness": 3368.6482819477096,
            "transform_matrix": [
                [
                    -0.9969227229188029,
                    0.0428863033030213,
                    -0.06561897223487576,
                    -0.49911595371221584
                ],
                [
                    -0.046538293281130204,
                    -0.9973914475050079,
                    0.055176876518565746,
                    -0.24899511099093963
                ],
                [
                    -0.06308146943944508,
                    0.05806087695571611,
                    0.9963180530234779,
                    1.6267300021050104
                ],
                [
                    0.0,
                    0.0,
                    0.0,
                    1.0
                ]
            ]
        },
        {
            "file_path": "data/downsampled/_025/4/4_00042.JPG",
            "sharpness": 3286.3475110185786,
            "transform_matrix": [
                [
                    -0.9979814581346926,
                    0.023152964078731346,
                    -0.05913501055823104,
                    -0.5029063817927744
                ],
                [
                    -0.02681481060454451,
                    -0.9977220802100589,
                    0.06190005325971545,
                    -0.20584780962162147
                ],
                [
                    -0.057567136037808324,
                    0.06336079951896266,
                    0.996328978767918,
                    1.6315276117586295
                ],
                [
                    0.0,
                    0.0,
                    0.0,
                    1.0
                ]
            ]
        },
        {
            "file_path": "data/downsampled/_025/4/4_00043.JPG",
            "sharpness": 3152.0164521919014,
            "transform_matrix": [
                [
                    -0.9974855792223905,
                    0.027139426677213224,
                    -0.065467325919153,
                    -0.5109696330027486
                ],
                [
                    -0.030431009911868458,
                    -0.9982946846523273,
                    0.049816425309877274,
                    -0.18913365320666686
                ],
                [
                    -0.06400369426147369,
                    0.051683402698961156,
                    0.9966104319172766,
                    1.6208054171106991
                ],
                [
                    0.0,
                    0.0,
                    0.0,
                    1.0
                ]
            ]
        },
        {
            "file_path": "data/downsampled/_025/4/4_00044.JPG",
            "sharpness": 3060.4095510414522,
            "transform_matrix": [
                [
                    -0.9976298594210931,
                    0.038696289214173764,
                    -0.05689693131007466,
                    -0.5031716554014234
                ],
                [
                    -0.041545084700180986,
