{
    "camera_angle_x": 0.86,
    "camera_angle_y": 0.59,
    "fl_x": 3574.5049867695207,
    "fl_y": 3574.5049867695207,
    "k1": -0.006337414014651379,
    "k2": -0.061534936860702154,
    "p1": -0.0014092239651047748,
    "p2": 9.249850279926745e-05,
    "cx": 750.0,
    "cy": 500.0,
    "w": 1500.0,
    "h": 1000.0,
    "aabb_scale": 4,
    "frames": [
        {
            "file_path": "data/downsampled/_025/1/1_00201.JPG",
            "sharpness": 1874.2771755929768,
            "transform_matrix": [
                [
                    -0.9962042828737381,
                    0.07928984973205677,
                    -0.03591860957065774,
                    23.22295981522636
                ],
                [
                    -0.0351333740257226,
                    -0.7437926068327383,
                    -0.6674864822979777,
                    98.7158518857052
                ],
                [
                    -0.07964089912595267,
                    -0.6636909504810409,
                    0.7437551004436761,
                    372.2920817924622
                ],
                [
                    0.0,
                    0.0,
                    0.0,
                    1.0
                ]
            ]
        },
        {
            "file_path": "data/downsampled/_025/3/3_00201.JPG",
            "sharpness": 2348.6573010925795,
            "transform_matrix": [
                [
                    0.9983144796933169,
                    0.018022875618554996,
                    -0.05516679788695815,
                    23.220800614507056
                ],
                [
                    0.030689370513051626,
                    0.6428461603373063,
                    0.765380282393723,
                    99.00078553601199
                ],
                [
                    0.04925811783021184,
                    -0.7657832526857851,
                    0.6412095193724159,
                    372.3495985627161
                ],
                [
                    0.0,
                    0.0,
                    0.0,
                    1.0
                ]
            ]
        },
        {
            "file_path": "data/downsampled/_025/2/2_00201.JPG",
            "sharpness": 2257.4007218737374,
            "transform_matrix": [
                [
                    0.02313348030840102,
                    0.7429178424381543,
                    0.6689827512543645,
                    23.150767860157103
                ],
                [
                    -0.9969915960314477,
                    -0.03237210273229547,
                    0.07042587881848716,
                    98.66761616308469
                ],
                [
                    0.07397702029338134,
                    -0.6685993765714471,
                    0.7399339660515558,
                    371.83932401709933
                ],
                [
                    0.0,
                    0.0,
                    0.0,
                    1.0
                ]
            ]
        },
        {
            "file_path": "data/downsampled/_025/0/0_00201.JPG",
            "sharpness": 1871.0299447590037,
            "transform_matrix": [
                [
                    0.001600988893704588,
                    -0.6520175505994529,
                    -0.7582021831575351,
                    23.213530446296573
                ],
                [
                    0.9986240859643757,
                    -0.038699116033972934,
                    0.03538803964624704,
                    99.00552305095135
                ],
                [
                    -0.05241537719388736,
                    -0.7572156179903312,
                    0.6510584736451431,
                    372.1158041932956
                ],
                [
                    0.0,
                    0.0,
                    0.0,
                    1.0
                ]
            ]
        },
        {
            "file_path": "data/downsampled/_025/4/4_00201.JPG",
            "sharpness": 2371.402994400789,
            "transform_matrix": [
                [
                    -0.9979476961084537,
                    0.023678678857587294,
                    -0.05949551243067812,
                    23.302425085845115
                ],
                [
                    -0.027945027755097464,
                    -0.9970180149340059,
                    0.07193158778187242,
                    98.93122639792011
                ],
                [
                    -0.05761485273431287,
                    0.07344656605052162,
                    0.995633532319894,
                    372.12725433483297
                ],
                [
                    0.0,
                    0.0,
                    0.0,
                    1.0
                ]
            ]
        },
        {
            "file_path": "data/downsampled/_025/1/1_00202.JPG",
            "sharpness": 1919.882477485822,
            "transform_matrix": [
                [
                    -0.9956809143465849,
                    0.08667606387289692,
                    -0.033268254499600594,
                    23.795643044303873
                ],
                [
                    -0.04138573439973846,
                    -0.7351313504014313,
                    -0.6766602682625622,
                    86.55025999852188
                ],
                [
                    -0.08310678548796727,
                    -0.6723608834610098,
                    0.7355434076907954,
                    371.9877820114956
                ],
                [
                    0.0,
                    0.0,
                    0.0,
                    1.0
                ]
            ]
        },
        {
            "file_path": "data/downsampled/_025/3/3_00202.JPG",
            "sharpness": 2399.9018253055556,
            "transform_matrix": [
                [
                    0.9978564950596542,
                    0.015208320553316642,
                    -0.06364842695000676,
                    23.85451645708345
                ],
                [
                    0.03832166020376406,
                    0.6526055854389127,
                    0.7567280886904898,
                    86.89471023341926
                ],
                [
                    0.05304588227647862,
                    -0.7575451516839654,
                    0.6506239140499127,
                    372.0054069443819
                ],
                [
                    0.0,
                    0.0,
                    0.0,
                    1.0
                ]
            ]
        },
        {
            "file_path": "data/downsampled/_025/2/2_00202.JPG",
            "sharpness": 2291.9820498069867,
            "transform_matrix": [
                [
                    0.030011679025857385,
                    0.7458205479574095,
                    0.6654705172782328,
                    23.715790886489287
                ],
                [
                    -0.9976594152641933,
                    -0.018572932177935292,
                    0.06580833780776946,
                    86.65881453579709
                ],
                [
                    0.061440949347781035,
                    -0.665887945854874,
                    0.743517486888116,
                    371.63074123288607
                ],
                [
                    0.0,
                    0.0,
                    0.0,
                    1.0
                ]
            ]
        },
        {
            "file_path": "data/downsampled/_025/0/0_00202.JPG",
            "sharpness": 1811.83511997111,
            "transform_matrix": [
                [
                    -0.005882193184643963,
                    -0.6481641845030245,
                    -0.7614778983863341,
                    24.04922306263677
                ],
                [
                    0.9991824584192849,
                    -0.03426804671789123,
                    0.021450309119801673,
                    86.96963694284932
                ],
                [
                    -0.03999768231451856,
                    -0.7607291836794947,
                    0.647835854601918,
                    371.44688780744474
                ],
                [
                    0.0,
                    0.0,
                    0.0,
                    1.0
                ]
            ]
        },
        {
            "file_path": "data/downsampled/_025/4/4_00202.JPG",
            "sharpness": 2209.938051982222,
            "transform_matrix": [
                [
                    -0.9975044388112781,
                    0.031249561706262207,
                    -0.06331160592627708,
                    23.81781356789145
                ],
                [
                    -0.035010321557562375,
                    -0.9976326513807449,
                    0.059189275071267346,
                    86.73000960454021
                ],
                [
                    -0.061312086379716184,
                    0.06125812429541553,
                    0.996237055259226,
                    371.7894566759106
                ],
                [
                    0.0,
                    0.0,
                    0.0,
                    1.0
                ]
            ]
        },
        {
            "file_path": "data/downsampled/_025/1/1_00203.JPG",
            "sharpness": 1864.1570699710985,
            "transform_matrix": [
                [
                    -0.9947157147175032,
                    0.0990616433302364,
                    -0.026971053274946498,
                    24.51151740207574
                ],
                [
                    -0.053943737892247504,
                    -0.7278060504923806,
                    -0.6836581207071963,
                    74.01481555869191
                ],
                [
                    -0.08735399267497435,
                    -0.678590556733142,
                    0.7293038710142333,
                    371.57731546998195
                ],
                [
                    0.0,
                    0.0,
                    0.0,
                    1.0
                ]
            ]
        },
        {
            "file_path": "data/downsampled/_025/3/3_00203.JPG",
            "sharpness": 2558.593630915454,
            "transform_matrix": [
                [
                    0.997084878345656,
                    0.009661834901779914,
                    -0.07568615673132933,
                    24.260397285234745
                ],
                [
                    0.050511049473630984,
                    0.6598837010522118,
                    0.7496680165024435,
                    74.34090658879984
                ],
                [
                    0.05718722982887881,
                    -0.7513056302410932,
                    0.657472030365196,
                    371.750312618943
                ],
                [
                    0.0,
                    0.0,
                    0.0,
                    1.0
                ]
            ]
        },
        {
            "file_path": "data/downsampled/_025/2/2_00203.JPG",
            "sharpness": 2238.88145687456,
            "transform_matrix": [
                [
                    0.043282685654303064,
                    0.7492636217995426,
                    0.6608559859533565,
                    24.3704182499163
                ],
                [
                    -0.997749150553222,
                    -0.0014931027352594363,
                    0.06704031037029796,
                    74.24488473576167
                ],
                [
                    0.051217591634854405,
                    -0.6622701833028979,
                    0.7475125166945843,
                    371.4048365563287
                ],
                [
                    0.0,
                    0.0,
                    0.0,
                    1.0
                ]
            ]
        },
        {
            "file_path": "data/downsampled/_025/0/0_00203.JPG",
            "sharpness": 1895.3807685730305,
            "transform_matrix": [
                [
                    -0.019413881649073747,
                    -0.6449870001055689,
                    -0.7639469031903559,
                    24.65897212276613
                ],
                [
                    0.999312909163126,
                    -0.03664647845200634,
                    0.005544835164091155,
                    74.34576157057248
                ],
                [
                    -0.03157231032480937,
                    -0.7633143554996762,
                    0.6452552858434158,
                    371.01223146265403
                ],
                [
                    0.0,
                    0.0,
                    0.0,
                    1.0
                ]
            ]
        },
        {
            "file_path": "data/downsampled/_025/4/4_00203.JPG",
            "sharpness": 2059.7208459014046,
            "transform_matrix": [
                [
                    -0.996722706749989,
                    0.04426655281749081,
                    -0.06770759300575001,
                    24.335948102396884
                ],
                [
                    -0.04767862625506484,
                    -0.9976286570583738,
                    0.04963679294975041,
                    74.12686357432764
                ],
                [
                    -0.06534978536618033,
                    0.0527023236448152,
                    0.9964697038219635,
                    371.45773942527865
                ],
                [
                    0.0,
                    0.0,
                    0.0,
                    1.0
                ]
            ]
        },
        {
            "file_path": "data/downsampled/_025/1/1_00204.JPG",
            "sharpness": 1909.4872200362295,
            "transform_matrix": [
                [
                    -0.9957323186368263,
                    0.09096263197023734,
                    -0.015586828002418625,
                    25.170828679060776
                ],
                [
                    -0.055861884962927835,
                    -0.7284938455180351,
                    -0.6827709475737336,
                    61.75926110200146
                ],
                [
                    -0.07346155069502987,
                    -0.6789863891326485,
                    0.7304662099933777,
                    371.05485750766104
                ],
                [
                    0.0,
                    0.0,
                    0.0,
                    1.0
                ]
            ]
        },
        {
            "file_path": "data/downsampled/_025/3/3_00204.JPG",
            "sharpness": 2508.406652725289,
            "transform_matrix": [
                [
                    0.9977106665130814,
                    -0.0033056589027069365,
                    -0.06754626966192692,
                    24.94660293942374
                ],
                [
                    0.05308528891333851,
                    0.6570745613545362,
                    0.7519541029356323,
                    61.44832234227084
                ],
                [
                    0.041897231734449675,
                    -0.7538183424671776,
                    0.6557457804157241,
                    371.22989219783324
                ],
                [
                    0.0,
                    0.0,
                    0.0,
                    1.0
                ]
            ]
        },
        {
            "file_path": "data/downsampled/_025/2/2_00204.JPG",
            "sharpness": 2184.0267591964325,
            "transform_matrix": [
                [
                    0.045230012249011825,
                    0.7389213767340757,
                    0.6722718534918539,
                    25.130591839868288
                ],
                [
                    -0.9975384770105971,
                    -0.002689284882753086,
                    0.07006964128777815,
                    61.50608489605298
                ],
                [
                    0.05358388634032389,
                    -0.6737862916030853,
                    0.7369808683896953,
                    371.03537511115076
                ],
                [
                    0.0,
                    0.0,
                    0.0,
                    1.0
                ]
            ]
        },
        {
            "file_path": "data/downsampled/_025/0/0_00204.JPG",
            "sharpness": 2056.742381137579,
            "transform_matrix": [
                [
                    -0.02126931093023988,
                    -0.6564619535615726,
                    -0.7540592284023032,
                    25.070227141313566
                ],
                [
                    0.9992090333357577,
                    -0.039305217949108504,
                    0.0060338662724847055,
                    61.79095280692181
                ],
                [
                    -0.033599465959653706,
                    -0.7533344565119117,
                    0.6567787089417022,
                    371.05592868266
                ],
                [
                    0.0,
                    0.0,
                    0.0,
                    1.0
                ]
            ]
        },
        {
            "file_path": "data/downsampled/_025/4/4_00204.JPG",
            "sharpness": 2035.9148639188186,
            "transform_matrix": [
                [
                    -0.9974538557166446,
                    0.047596890062208734,
                    -0.053106890065279744,
                    25.130145960846534
                ],
                [
                    -0.05036369387758029,
                    -0.997374358152767,
                    0.052037371555084345,
                    61.45792273732545
                ],
                [
                    -0.050490633339314285,
                    0.054579536053016575,
                    0.9972320543330088,
                    371.09221638593215
                ],
                [
                    0.0,
                    0.0,
                    0.0,
                    1.0
                ]
            ]
        },
        {
            "file_path": "data/downsampled/_025/1/1_00205.JPG",
            "sharpness": 1912.0031122493506,
            "transform_matrix": [
                [
                    -0.9957432447229512,
                    0.09192123802957274,
                    -0.006773225798637267,
                    25.894159772329772
                ],
                [
                    -0.06292846641550785,
                    -0.7316891228878426,
                    -0.6787275120121564,
                    48.46339151738002
                ],
                [
                    -0.06734536883261533,
                    -0.6754121063815263,
                    0.7343589638930466,
                    370.98281800625807
                ],
                [
                    0.0,
                    0.0,
                    0.0,
                    1.0
                ]
            ]
        },
        {
            "file_path": "data/downsampled/_025/3/3_00205.JPG",
            "sharpness": 2471.2858862586554,
            "transform_matrix": [
                [
                    0.9975817682842621,
                    -0.010111689736193682,
                    -0.06876313923552169,
                    25.86276129284093
                ],
                [
                    0.05857224138253179,
                    0.6549121325123727,
                    0.7534317429120723,
                    48.798055730658774
                ],
                [
                    0.037415346133254195,
                    -0.7556373815652424,
                    0.6539206675545233,
                    371.1680233567638
                ],
                [
                    0.0,
                    0.0,
                    0.0,
                    1.0
                ]
            ]
        },
        {
            "file_path": "data/downsampled/_025/2/2_00205.JPG",
            "sharpness": 2096.4021358351797,
            "transform_matrix": [
                [
                    0.052363472902349814,
                    0.7352508557412988,
                    0.6757693732607989,
                    25.827774192083808
                ],
                [
                    -0.9969572190565419,
                    -0.0006402450447532397,
                    0.07794801766131454,
                    48.511185300606684
                ],
                [
                    0.05774400468144562,
                    -0.6777947840002684,
                    0.732980122994736,
                    370.68218237994984
                ],
                [
                    0.0,
                    0.0,
                    0.0,
                    1.0
                ]
            ]
        },
        {
            "file_path": "data/downsampled/_025/0/0_00205.JPG",
            "sharpness": 2063.889074126932,
            "transform_matrix": [
                [
                    -0.027858412006365976,
                    -0.6599850622693709,
                    -0.7507620305141826,
                    26.002871868715033
                ],
                [
                    0.9988765764446718,
                    -0.047181793301394354,
                    0.004411735603662479,
                    48.64060298521764
                ],
                [
                    -0.03833397853935446,
                    -0.749795702816547,
                    0.660558029341242,
                    370.71908817101513
                ],
                [
                    0.0,
                    0.0,
                    0.0,
                    1.0
                ]
            ]
        },
        {
            "file_path": "data/downsampled/_025/4/4_00205.JPG",
            "sharpness": 1982.6399686641662,
            "transform_matrix": [
                [
                    -0.9973963144831265,
                    0.05318836948886534,
                    -0.048698965149094504,
                    25.92586934579839
                ],
                [
                    -0.05589172965093097,
                    -0.9968682984218543,
                    0.055943812509913586,
                    48.57116736178071
                ],
                [
                    -0.04557089435268994,
                    0.058520021809916126,
                    0.9972455568390682,
                    370.886536668655
                ],
                [
                    0.0,
                    0.0,
                    0.0,
                    1.0
                ]
            ]
        },
        {
            "file_path": "data/downsampled/_025/1/1_00206.JPG",
            "sharpness": 1862.0995629414579,
            "transform_matrix": [
                [
                    -0.9939923447662039,
                    0.1081500350708301,
                    0.016816315302780587,
                    26.65499915218396
                ],
                [
                    -0.09075418370990937,
                    -0.7285361358156199,
                    -0.6789689072041465,
                    35.4111395880268
                ],
                [
                    -0.06117921775678676,
                    -0.6764160470635088,
                    0.733974410037329,
                    370.9028939016616
                ],
                [
                    0.0,
                    0.0,
                    0.0,
                    1.0
                ]
            ]
        },
        {
            "file_path": "data/downsampled/_025/3/3_00206.JPG",
            "sharpness": 2549.00439115861,
            "transform_matrix": [
                [
                    0.9957964237843541,
                    -0.03342252437607851,
                    -0.08527846881025496,
                    26.541547664598255
                ],
                [
                    0.08630808886922404,
                    0.6541104012431419,
                    0.7514589122375742,
                    35.72782812726604
                ],
                [
                    0.030665879638994854,
                    -0.7556603190917642,
                    0.6542454325221537,
                    370.9846484293274
                ],
                [
                    0.0,
                    0.0,
                    0.0,
                    1.0
                ]
            ]
        },
        {
            "file_path": "data/downsampled/_025/2/2_00206.JPG",
            "sharpness": 2014.0462632043368,
            "transform_matrix": [
                [
                    0.07954990185853952,
                    0.7307257504918336,
                    0.6780204205497379,
                    26.538027158872637
                ],
                [
                    -0.9952157367163063,
                    0.019515490083671237,
                    0.09573287334564598,
                    35.55627392510996
                ],
                [
                    0.05672257492847178,
                    -0.6823921330253894,
                    0.7287822214341834,
                    370.5573858766459
                ],
                [
                    0.0,
                    0.0,
                    0.0,
                    1.0
                ]
            ]
        },
        {
            "file_path": "data/downsampled/_025/0/0_00206.JPG",
            "sharpness": 2198.58042099093,
            "transform_matrix": [
                [
                    -0.05618581534171712,
                    -0.6630433809283152,
                    -0.7464694428853307,
                    26.750091168433386
                ],
                [
                    0.9977215809357063,
                    -0.06525316884376252,
                    -0.017136828498966753,
                    35.66992842323964
                ],
                [
                    -0.037347035886962206,
                    -0.7457315193573335,
                    0.6651989927438717,
                    370.51676421964135
                ],
                [
                    0.0,
                    0.0,
                    0.0,
                    1.0
                ]
            ]
        },
        {
            "file_path": "data/downsampled/_025/4/4_00206.JPG",
            "sharpness": 1941.9501718122212,
            "transform_matrix": [
                [
                    -0.995711276045284,
                    0.08163256036400914,
                    -0.04353366335020658,
                    26.615986038531048
                ],
                [
                    -0.08393434545036045,
                    -0.9950090132724614,
                    0.05396377637251079,
                    35.65728111451395
                ],
                [
                    -0.03891118618202569,
                    0.05738631017045097,
                    0.9975934698036717,
                    370.752289350696
                ],
                [
                    0.0,
                    0.0,
                    0.0,
                    1.0
                ]
            ]
        },
        {
            "file_path": "data/downsampled/_025/1/1_00207.JPG",
            "sharpness": 1836.3387939870047,
            "transform_matrix": [
                [
                    -0.9950994114196402,
                    0.09755464903493649,
                    0.016132322955988817,
                    27.370543636119947
                ],
                [
                    -0.08280249413968824,
                    -0.732963673151611,
                    -0.6752095976838196,
                    22.8498813715737
                ],
                [
                    -0.05404542863677605,
                    -0.6732364698170835,
                    0.7374494880001604,
                    370.59647514274747
                ],
                [
                    0.0,
                    0.0,
                    0.0,
                    1.0
                ]
            ]
        },
        {
            "file_path": "data/downsampled/_025/3/3_00207.JPG",
            "sharpness": 2368.302933474345,
            "transform_matrix": [
                [
                    0.9966637779244883,
                    -0.035429611893687006,
                    -0.07352588914354657,
                    27.33381370101455
                ],
                [
                    0.07883840011605835,
                    0.650975882991047,
                    0.7549933154877381,
                    22.716625080695366
                ],
                [
                    0.02111446045786351,
                    -0.7582711535889322,
                    0.6515972967980175,
                    370.72757782670675
                ],
                [
                    0.0,
                    0.0,
                    0.0,
                    1.0
                ]
            ]
        },
        {
            "file_path": "data/downsampled/_025/2/2_00207.JPG",
            "sharpness": 1724.4703228968535,
            "transform_matrix": [
                [
                    0.07408041895837232,
                    0.725704862996341,
                    0.6840062451106816,
                    27.476749351985717
                ],
                [
                    -0.99528649976534,
                    0.01075766626730995,
                    0.0963797489171789,
                    22.17486329301417
                ],
                [
                    0.06258494157390654,
                    -0.687922033692731,
                    0.7230811853784108,
                    370.6357169363187
                ],
                [
                    0.0,
                    0.0,
                    0.0,
                    1.0
                ]
            ]
        },
        {
            "file_path": "data/downsampled/_025/0/0_00207.JPG",
            "sharpness": 2163.6749702722836,
            "transform_matrix": [
                [
                    -0.0481463746715948,
                    -0.668849044167205,
                    -0.741837504257232,
                    27.38544054856837
                ],
                [
                    0.9979084917988185,
                    -0.06428296523088083,
                    -0.006807523553638731,
                    22.827881125041728
                ],
                [
                    -0.043134308871134064,
                    -0.7406137026127332,
                    0.6705451326349839,
                    370.2632857987496
                ],
                [
                    0.0,
                    0.0,
                    0.0,
                    1.0
                ]
            ]
        },
        {
            "file_path": "data/downsampled/_025/4/4_00207.JPG",
            "sharpness": 1883.5380721109302,
            "transform_matrix": [
                [
                    -0.9967467641578518,
                    0.07347474213555615,
                    -0.033126279733247575,
                    27.19446623166067
                ],
                [
                    -0.0753149185157833,
                    -0.9954582987712642,
                    0.0582274716639947,
                    22.688038783104872
                ],
                [
                    -0.02869758160216223,
                    0.0605329470250203,
                    0.9977535823712453,
                    370.59426238047723
                ],
                [
                    0.0,
                    0.0,
                    0.0,
                    1.0
                ]
            ]
        },
        {
            "file_path": "data/downsampled/_025/1/1_00208.JPG",
            "sharpness": 1616.4033312875367,
            "transform_matrix": [
                [
                    -0.9903425489040271,
                    0.1349897715225036,
                    -0.031613247453826016,
                    27.582615997421243
                ],
                [
                    -0.07575495185430242,
                    -0.7178460350624447,
                    -0.6920681015728726,
                    9.338939270647558
                ],
                [
                    -0.1161155592495118,
                    -0.6829896276880268,
                    0.7211396157269019,
                    370.8582855990134
                ],
                [
                    0.0,
                    0.0,
                    0.0,
                    1.0
                ]
            ]
        },
        {
            "file_path": "data/downsampled/_025/3/3_00208.JPG",
            "sharpness": 2353.758137978874,
            "transform_matrix": [
                [
                    0.9933937380453116,
                    0.014120761129061495,
                    -0.11388364815678723,
                    27.25197751127294
                ],
                [
                    0.07492240403069408,
                    0.6718926883936811,
                    0.7368492713285217,
                    9.236081046535105
                ],
                [
                    0.08692246307269694,
                    -0.7405138887206966,
                    0.66639602791818,
                    370.48789716752435
                ],
                [
                    0.0,
                    0.0,
                    0.0,
                    1.0
                ]
            ]
        },
        {
            "file_path": "data/downsampled/_025/2/2_00208.JPG",
            "sharpness": 2250.953098298624,
            "transform_matrix": [
                [
                    0.06614968518228517,
                    0.7665240656985203,
                    0.6387997149774688,
                    27.376319312643062
                ],
                [
                    -0.9970233847850334,
                    0.02536545767043795,
                    0.07280771764699201,
                    9.386899695631968
                ],
                [
                    0.039605420614853386,
                    -0.6417144616277397,
                    0.7659203355413281,
                    370.30433049934516
                ],
                [
                    0.0,
                    0.0,
                    0.0,
                    1.0
                ]
            ]
        },
        {
            "file_path": "data/downsampled/_025/0/0_00208.JPG",
            "sharpness": 1891.7249079877502,
            "transform_matrix": [
                [
                    -0.040172698313282185,
                    -0.6232454953615505,
                    -0.7809937303344795,
                    27.586111996443208
                ],
                [
                    0.9989599846145735,
                    -0.04192218150589073,
                    -0.017929858801413682,
                    9.425342150790499
                ],
                [
                    -0.021566257187595007,
                    -0.7809017756474389,
                    0.6242814376077476,
                    370.3716905454331
                ],
                [
                    0.0,
                    0.0,
                    0.0,
                    1.0
                ]
            ]
        },
        {
            "file_path": "data/downsampled/_025/4/4_00208.JPG",
            "sharpness": 1792.9279959889047,
            "transform_matrix": [
                [
                    -0.9926312795822674,
                    0.06980447613910223,
                    -0.09904785664423103,
                    27.567618844779673
                ],
                [
                    -0.0730089725255501,
                    -0.9969066103375234,
                    0.029101549720130564,
                    9.403768768561264
                ],
                [
                    -0.09671004459534756,
                    0.03611849078097346,
                    0.9946570373239566,
                    370.457228518306
                ],
                [
                    0.0,
                    0.0,
                    0.0,
                    1.0
                ]
            ]
        },
        {
            "file_path": "data/downsampled/_025/1/1_00209.JPG",
            "sharpness": 1778.4666989044465,
            "transform_matrix": [
                [
                    -0.9962393300432931,
                    0.08239737236130441,
                    0.026793101777200796,
                    28.5125414683379
                ],
                [
                    -0.07950648843504445,
                    -0.7464585668057222,
                    -0.6606650636586406,
                    -3.223326859795975
                ],
                [
                    -0.03443712490349671,
                    -0.6603107458388814,
                    0.7502025082323316,
                    370.46492681109453
                ],
                [
                    0.0,
                    0.0,
                    0.0,
                    1.0
                ]
            ]
        },
        {
            "file_path": "data/downsampled/_025/3/3_00209.JPG",
            "sharpness": 2284.8859073319886,
            "transform_matrix": [
                [
                    0.9972771111198884,
                    -0.04481704651861512,
                    -0.0585644600224276,
                    28.706563752914207
                ],
                [
                    0.07369525581574496,
                    0.6349025950245213,
                    0.7690693753500921,
                    -3.3803903192459757
                ],
                [
                    0.002715309673341765,
                    -0.7712912077629807,
                    0.6364766295166703,
                    370.57943394330243
                ],
                [
                    0.0,
                    0.0,
                    0.0,
                    1.0
                ]
            ]
        },
        {
            "file_path": "data/downsampled/_025/2/2_00209.JPG",
            "sharpness": 2196.5593373129805,
            "transform_matrix": [
                [
                    0.0694081627114731,
                    0.713958382350707,
                    0.6967395031288088,
                    28.667217336341906
                ],
                [
                    -0.9942780061694151,
                    -0.007340968457078393,
                    0.10657089954525202,
                    -3.5313170651693895
                ],
                [
                    0.08120192976025685,
                    -0.7001496543263259,
                    0.7093635937584734,
                    370.3487540132249
                ],
                [
                    0.0,
                    0.0,
                    0.0,
                    1.0
                ]
            ]
        },
        {
            "file_path": "data/downsampled/_025/0/0_00209.JPG",
            "sharpness": 2182.390955428671,
            "transform_matrix": [
                [
                    -0.04532886981816451,
                    -0.6816797823637163,
                    -0.7302451423169924,
                    28.786189262478672
                ],
                [
                    0.9970857254072645,
                    -0.07577504710249858,
                    0.008842987373262666,
                    -2.9018532873591596
                ],
                [
