{
  "camera_angle_x": 0.8643960223807634,
  "camera_angle_y": 0.5961654556998522,
  "fl_x": 1625.8962760681159,
  "fl_y": 1627.4094371437486,
  "k1": -0.04077603438461113,
  "k2": 0.048963739048656356,
  "p1": 0.0004865713443102642,
  "p2": 2.557346477425589e-05,
  "cx": 753.3040564356664,
  "cy": 494.2012044820192,
  "w": 1500.0,
  "h": 1000.0,
  "aabb_scale": 4,
  "frames": [
    {
      "file_path": "./images/4_00197.JPG",
      "sharpness": 2676.5713212966343,
      "transform_matrix": [
        [
          0.0034701321067015715,
          0.013837703795069649,
          0.9998982328898341,
          4.026901051881516
        ],
        [
          0.998751990927878,
          -0.04986736661152796,
          -0.0027760340111160913,
          -0.36193645775277206
        ],
        [
          0.0498238778173655,
          0.9986599840287402,
          -0.013993480565151328,
          -1.1603594237184571
        ],
        [
          0.0,
          0.0,
          0.0,
          1.0
        ]
      ]
    },
    {
      "file_path": "./images/4_00195.JPG",
      "sharpness": 2307.7669410286285,
      "transform_matrix": [
        [
          0.006769918069254623,
          0.02081969383378342,
          0.999760325556768,
          4.015153353996328
        ],
        [
          0.9988506335111875,
          -0.04758241181532078,
          -0.005772869315681495,
          -0.36448365243409026
        ],
        [
          0.047450818155566385,
          0.9986503163940205,
          -0.02111789340491073,
          -1.0540617830072367
        ],
        [
          0.0,
          0.0,
          0.0,
          1.0
        ]
      ]
    },
    {
      "file_path": "./images/4_00196.JPG",
      "sharpness": 2519.3834592825065,
      "transform_matrix": [
        [
          -0.006554226508612953,
          0.0362632739633994,
          0.999320777866497,
          4.021129759358954
        ],
        [
          0.9980542047965197,
          -0.06173014560271545,
          0.008785978138701472,
          -0.36331021786398837
        ],
        [
          0.0620068254537979,
          0.997433889581007,
          -0.035788119702169004,
          -1.1076377748396737
        ],
        [
          0.0,
          0.0,
          0.0,
          1.0
        ]
      ]
    },
    {
      "file_path": "./images/4_00194.JPG",
      "sharpness": 2197.333075358371,
      "transform_matrix": [
        [
          -0.022348005265432198,
          0.03869994274887298,
          0.9990009414866742,
          4.009540040043423
        ],
        [
          0.9991948918365835,
          -0.032437428076832094,
          0.023608926011957153,
          -0.3659410518978425
        ],
        [
          0.03331868527318667,
          0.998724250076249,
          -0.037943873295583935,
          -1.0007534949693253
        ],
        [
          0.0,
          0.0,
          0.0,
          1.0
        ]
      ]
    },
    {
      "file_path": "./images/4_00193.JPG",
      "sharpness": 2100.774614569584,
      "transform_matrix": [
        [
          -0.00854403318872649,
          0.00349244142870051,
          0.9999574002671856,
          4.003679264727324
        ],
        [
          0.9996796370608226,
          -0.02379572677344864,
          0.008624768591972365,
          -0.36717758740708273
        ],
        [
          0.02382483458098952,
          0.9997107412844783,
          -0.003288011100597234,
          -0.944173223146533
        ],
        [
          0.0,
          0.0,
          0.0,
          1.0
        ]
      ]
    },
    {
      "file_path": "./images/4_00192.JPG",
      "sharpness": 2017.1159831348798,
      "transform_matrix": [
        [
          -0.0002096802647357505,
          -0.02143304437844483,
          0.9997702639317843,
          3.998211083999887
        ],
        [
          0.9993341197656569,
          -0.03648272584796399,
          -0.0005725267694196572,
          -0.3685835599637605
        ],
        [
          0.03648661544162671,
          0.9991044166265834,
          0.021426422245445564,
          -0.8901967596420192
        ],
        [
          0.0,
          0.0,
          0.0,
          1.0
        ]
      ]
    },
    {
      "file_path": "./images/4_00191.JPG",
      "sharpness": 2042.8040632535028,
      "transform_matrix": [
        [
          -0.024778670940577622,
          -0.00045249285683752647,
          0.9996928591902636,
          3.992293658749622
        ],
        [
          0.9996793148377103,
          0.00521388828872897,
          0.024780695198445214,
          -0.36993395040510596
        ],
        [
          -0.005223499978422858,
          0.9999863052154754,
          0.0003231545268650102,
          -0.8378667350429109
        ],
        [
          0.0,
          0.0,
          0.0,
          1.0
        ]
      ]
    },
    {
      "file_path": "./images/4_00190.JPG",
      "sharpness": 1927.4443245542184,
      "transform_matrix": [
        [
          -0.003475623850926118,
          0.002790130544802641,
          0.9999900675555538,
          3.9865702132282856
        ],
        [
          0.9999448104711762,
          -0.00990476074011852,
          0.003503102402716804,
          -0.3721515903268857
        ],
        [
          0.009914436474648115,
          0.9999470540411601,
          -0.0027555513361463835,
          -0.7833405936854215
        ],
        [
          0.0,
          0.0,
          0.0,
          1.0
        ]
      ]
    },
    {
      "file_path": "./images/4_00188.JPG",
      "sharpness": 2030.5901766524266,
      "transform_matrix": [
        [
          -0.022803302125651598,
          -0.02775442182282632,
          0.9993546424972558,
          3.9756768284452586
        ],
        [
          0.999713976422176,
          0.006575407239782449,
          0.022994115894976408,
          -0.37292285483092236
        ],
        [
          -0.007209352143378788,
          0.9995931452787592,
          0.027596542405908222,
          -0.6790006182196076
        ],
        [
          0.0,
          0.0,
          0.0,
          1.0
        ]
      ]
    },
    {
      "file_path": "./images/4_00187.JPG",
      "sharpness": 2094.597344580232,
      "transform_matrix": [
        [
          -0.018100873903714062,
          -0.018975937804715376,
          0.999656076932324,
          3.969644938935018
        ],
        [
          0.9998225343329875,
          0.004877321295720836,
          0.018196471551914863,
          -0.3731478500220016
        ],
        [
          -0.005220938984853178,
          0.9998080443369018,
          0.018884286449493998,
          -0.6252650909494246
        ],
        [
          0.0,
          0.0,
          0.0,
          1.0
        ]
      ]
    },
    {
      "file_path": "./images/4_00117.JPG",
      "sharpness": 3326.059398887678,
      "transform_matrix": [
        [
          -0.008388717721661679,
          0.02788832081727789,
          0.9995758455346699,
          4.060074735899555
        ],
        [
          0.9998291403001107,
          -0.016232030989540167,
          0.008843719618771442,
          -0.6964508872025433
        ],
        [
          0.016471782591060937,
          0.9994792457731767,
          -0.02774738990113206,
          -1.1348324564436791
        ],
        [
          0.0,
          0.0,
          0.0,
          1.0
        ]
      ]
    },
    {
      "file_path": "./images/4_00403.JPG",
      "sharpness": 2521.9329606628226,
      "transform_matrix": [
        [
          -0.04681766108073024,
          0.013473478217127813,
          0.9988125810155944,
          3.7722625048139093
        ],
        [
          0.9989007255455085,
          -0.001704767677797858,
          0.04684478916401445,
          0.5977700283728193
        ],
        [
          0.0023339056506805358,
          0.9999077753229385,
          -0.013378853931349995,
          0.47203350530092714
        ],
        [
          0.0,
          0.0,
          0.0,
          1.0
        ]
      ]
    },
    {
      "file_path": "./images/4_00264.JPG",
      "sharpness": 2868.825767167273,
      "transform_matrix": [
        [
          -0.046480477141216184,
          -0.04508784179433392,
          0.9979011232413886,
          3.9283371547006483
        ],
        [
          0.9985234209375484,
          -0.030215473225370743,
          0.04514424677565612,
          -0.04264353722957688
        ],
        [
          0.02811659801432242,
          0.998525969466727,
          0.04642569564373224,
          -0.5214709888259228
        ],
        [
          0.0,
          0.0,
          0.0,
          1.0
        ]
      ]
    },
    {
      "file_path": "./images/4_00116.JPG",
      "sharpness": 3191.9767704968244,
      "transform_matrix": [
        [
          0.004158082498805411,
          0.009502101744616123,
          0.9999462087591208,
          4.0523268121055995
        ],
        [
          0.9997132634899683,
          -0.02362043614013504,
          -0.003932657979854783,
          -0.6974369515227058
        ],
        [
          0.023581797051313597,
          0.9996758399893219,
          -0.009597592867252291,
          -1.08173433077072
        ],
        [
          0.0,
          0.0,
          0.0,
          1.0
        ]
      ]
    },
    {
      "file_path": "./images/4_00401.JPG",
      "sharpness": 2178.922158557761,
      "transform_matrix": [
        [
          -0.012957534962856088,
          0.006156141207607722,
          0.9998970968117117,
          3.7591807692112646
        ],
        [
          0.9997634422256346,
          0.017549781611656868,
          0.012847752898178957,
          0.5960138663939358
        ],
        [
          -0.017468883102133625,
          0.999827038587268,
          -0.006382086833368444,
          0.5878789744179022
        ],
        [
          0.0,
          0.0,
          0.0,
          1.0
        ]
      ]
    },
    {
      "file_path": "./images/4_00263.JPG",
      "sharpness": 2991.5896685743655,
      "transform_matrix": [
        [
          -0.06332718656941935,
          -0.01472601334242681,
          0.9978841676124599,
          3.922704126900668
        ],
        [
          0.9978478942909363,
          -0.01797391887253957,
          0.06305963922753927,
          -0.044300135685566774
        ],
        [
          0.01700727198422467,
          0.9997300049367194,
          0.01583255911886581,
          -0.46787046406439303
        ],
        [
          0.0,
          0.0,
          0.0,
          1.0
        ]
      ]
    },
    {
      "file_path": "./images/4_00115.JPG",
      "sharpness": 3004.9268631574923,
      "transform_matrix": [
        [
          -0.012814129161549035,
          0.03766907988097608,
          0.9992081057087774,
          4.045115362515856
        ],
        [
          0.9998369923404977,
          -0.012228863337290778,
          0.013283209287839378,
          -0.6980585514448224
        ],
        [
          0.012719545641965186,
          0.9992154398936044,
          -0.037506237298126036,
          -1.02831853881608
        ],
        [
          0.0,
          0.0,
          0.0,
          1.0
        ]
      ]
    },
    {
      "file_path": "./images/4_00399.JPG",
      "sharpness": 1920.2934806061526,
      "transform_matrix": [
        [
          0.006608975704024781,
          0.0314450645022874,
          0.999483631360695,
          3.746490616288512
        ],
        [
          0.9997144567050179,
          0.02274496610466193,
          -0.007326088443927041,
          0.5947622449919908
        ],
        [
          -0.022963590641132178,
          0.999246653451847,
          -0.03128576464658385,
          0.6974564631283973
        ],
        [
          0.0,
          0.0,
          0.0,
          1.0
        ]
      ]
    },
    {
      "file_path": "./images/4_00261.JPG",
      "sharpness": 3167.303383971778,
      "transform_matrix": [
        [
          -0.024471600983030316,
          0.0020282786283369308,
          0.9996984679544652,
          3.9097691849913447
        ],
        [
          0.9996366811859343,
          -0.011251783745322496,
          0.024492917141874508,
          -0.04760076650697303
        ],
        [
          0.01129806943233835,
          0.9999346395878709,
          -0.0017521925543881498,
          -0.3572848832121965
        ],
        [
          0.0,
          0.0,
          0.0,
          1.0
        ]
      ]
    },
    {
      "file_path": "./images/4_00114.JPG",
      "sharpness": 2807.9574086215384,
      "transform_matrix": [
        [
          0.020021546762034007,
          0.02902597888522817,
          0.999378121740906,
          4.037918466038204
        ],
        [
          0.9996990346068121,
          -0.014754734989832617,
          -0.01959943880797021,
          -0.699321981475357
        ],
        [
          0.01417666644392129,
          0.9994697545921563,
          -0.029312655686640605,
          -0.975968417119428
        ],
        [
          0.0,
          0.0,
          0.0,
          1.0
        ]
      ]
    },
    {
      "file_path": "./images/4_00398.JPG",
      "sharpness": 1873.4188821131308,
      "transform_matrix": [
        [
          -0.021772768107867754,
          0.028383953747497383,
          0.9993599440331556,
          3.7392556333387783
        ],
        [
          0.9997197670634723,
          0.00990817827319223,
          0.021499194074729586,
          0.5933121533480376
        ],
        [
          -0.00929160435434232,
          0.9995479874284864,
          -0.02859172809670203,
          0.7513515084579996
        ],
        [
          0.0,
          0.0,
          0.0,
          1.0
        ]
      ]
    },
    {
      "file_path": "./images/4_00262.JPG",
      "sharpness": 2980.505710823538,
      "transform_matrix": [
        [
          -0.04246687154865983,
          -0.05988465169412051,
          0.9973015558554568,
          3.915552893002146
        ],
        [
          0.9988384667975363,
          -0.025290145928125004,
          0.04101372653735608,
          -0.045594887054191534
        ],
        [
          0.022765809153563136,
          0.9978848816420556,
          0.06088908706143639,
          -0.41022153513069337
        ],
        [
          0.0,
          0.0,
          0.0,
          1.0
        ]
      ]
    },
    {
      "file_path": "./images/4_00113.JPG",
      "sharpness": 2859.4793072114558,
      "transform_matrix": [
        [
          -0.011193513282953049,
          0.03206933926332555,
          0.9994229648847226,
          4.030740278172407
        ],
        [
          0.9994626105872364,
          -0.030436273221027623,
          0.01217059203822275,
          -0.7019234765864483
        ],
        [
          0.03080901326771021,
          0.9990221172481618,
          -0.03171141671134789,
          -0.9217026142111377
        ],
        [
          0.0,
          0.0,
          0.0,
          1.0
        ]
      ]
    },
    {
      "file_path": "./images/4_00397.JPG",
      "sharpness": 1839.952476383712,
      "transform_matrix": [
        [
          -0.03864847216243932,
          0.010398221094605082,
          0.9991987653099598,
          3.7308398860295764
        ],
        [
          0.9990660379634749,
          0.019737700038785142,
          0.038437936796125664,
          0.5912603144461717
        ],
        [
          -0.019322199343585898,
          0.999751119126464,
          -0.011151341501354831,
          0.8067841253187545
        ],
        [
          0.0,
          0.0,
          0.0,
          1.0
        ]
      ]
    },
    {
      "file_path": "./images/4_00260.JPG",
      "sharpness": 3207.35584734288,
      "transform_matrix": [
        [
          -0.03489803166439351,
          -0.05086359531333644,
          0.9980956978452133,
          3.9024344314817516
        ],
        [
          0.9993666859277235,
          -0.008725035128532213,
          0.034497837901007175,
          -0.04828407903631686
        ],
        [
          0.006953735959154465,
          0.9986674964337118,
          0.05113586923484644,
          -0.2983632809041377
        ],
        [
          0.0,
          0.0,
          0.0,
          1.0
        ]
      ]
    },
    {
      "file_path": "./images/4_00112.JPG",
      "sharpness": 2722.237633615871,
      "transform_matrix": [
        [
          -0.03550506225878817,
          0.02522766929673134,
          0.9990510273530704,
          4.023324217559423
        ],
        [
          0.9991618268156931,
          -0.01948266077199873,
          0.03600096892542869,
          -0.7040453946902135
        ],
        [
          0.02037239279824931,
          0.999491866215263,
          -0.02451479105714753,
          -0.8681563476738522
        ],
        [
          0.0,
          0.0,
          0.0,
          1.0
        ]
      ]
    },
    {
      "file_path": "./images/4_00396.JPG",
      "sharpness": 1884.1488730857802,
      "transform_matrix": [
        [
          -0.011507234818649155,
          0.00035056286003855964,
          0.9999337281299602,
          3.7224331194860754
        ],
        [
          0.9996855375471674,
          0.022285757766653643,
          0.011496565565264426,
          0.5908864785854461
        ],
        [
          -0.02228025057890601,
          0.9997515801967097,
          -0.0006069000689140783,
          0.8606349844288963
        ],
        [
          0.0,
          0.0,
          0.0,
          1.0
        ]
      ]
    },
    {
      "file_path": "./images/4_00258.JPG",
      "sharpness": 3194.2198915305785,
      "transform_matrix": [
        [
          -0.025288456036449025,
          -0.044116536523189684,
          0.998706275736696,
          3.8901705122787757
        ],
        [
          0.9996795131058634,
          -0.002283591503892443,
          0.025212224936846973,
          -0.04908366205479541
        ],
        [
          0.001168361123899106,
          0.9990237817061274,
          0.04416014625477077,
          -0.19095182119399126
        ],
        [
          0.0,
          0.0,
          0.0,
          1.0
        ]
      ]
    },
    {
      "file_path": "./images/4_00111.JPG",
      "sharpness": 2679.16939038823,
      "transform_matrix": [
        [
          -0.019436788806967534,
          0.020150517921993318,
          0.9996080071046449,
          4.015259742517694
        ],
        [
          0.9992815834171699,
          -0.03214304143840346,
          0.02007839461616664,
          -0.7049600767506438
        ],
        [
          0.032535031645082424,
          0.9992801316517487,
          -0.019511283947713624,
          -0.8117223023395891
        ],
        [
          0.0,
          0.0,
          0.0,
          1.0
        ]
      ]
    },
    {
      "file_path": "./images/4_00395.JPG",
      "sharpness": 1960.1008937119889,
      "transform_matrix": [
        [
          -0.011460584532094824,
          0.04372801239626668,
          0.9989777354543122,
          3.711875073901154
        ],
        [
          0.9998523891702271,
          -0.012288034738736875,
          0.01200850002488935,
          0.5893816332685226
        ],
        [
          0.012800580954436211,
          0.9989678999514962,
          -0.04358072960721589,
          0.9116076994748433
        ],
        [
          0.0,
          0.0,
          0.0,
          1.0
        ]
      ]
    },
    {
      "file_path": "./images/4_00183.JPG",
      "sharpness": 2286.718558035173,
      "transform_matrix": [
        [
          -0.017162666216367157,
          -0.02127630980174137,
          0.9996263109427129,
          3.946325062434013
        ],
        [
          0.9997094275756424,
          0.016559909027334153,
          0.017516558719888817,
          -0.3782925616869568
        ],
        [
          -0.01692640850052571,
          0.9996364779526593,
          0.02098591530161142,
          -0.39915731369553387
        ],
        [
          0.0,
          0.0,
          0.0,
          1.0
        ]
      ]
    },
    {
      "file_path": "./images/4_00031.JPG",
      "sharpness": 3290.541788538504,
      "transform_matrix": [
        [
          -0.005692047902065247,
          -0.004122238607410526,
          0.9999753035645008,
          4.0469236519465435
        ],
        [
          0.999269571521318,
          0.03776472543815511,
          0.005843709796160455,
          -1.037729470215378
        ],
        [
          -0.037787881950181415,
          0.9992781558008841,
          0.003904268980733491,
          -0.7506883171411031
        ],
        [
          0.0,
          0.0,
          0.0,
          1.0
        ]
      ]
    },
    {
      "file_path": "./images/4_00325.JPG",
      "sharpness": 2494.4288232992308,
      "transform_matrix": [
        [
          -0.03534317502135181,
          0.004068186497103892,
          0.9993669545454292,
          3.794867942851094
        ],
        [
          0.9981706211056433,
          0.049227716311012096,
          0.03510047162612809,
          0.2654004369021419
        ],
        [
          -0.04905375766425113,
          0.9987792958430803,
          -0.005800608036069277,
          0.46526277707693414
        ],
        [
          0.0,
          0.0,
          0.0,
          1.0
        ]
      ]
    },
    {
      "file_path": "./images/4_00250.JPG",
      "sharpness": 1894.497214310538,
      "transform_matrix": [
        [
          -0.018472594205605083,
          0.013260179869155113,
          0.9997414320175613,
          3.8405026026748
        ],
        [
          0.9992403139399304,
          0.03456325395919832,
          0.018004901359933566,
          -0.0587030692348896
        ],
        [
          -0.034315568777796464,
          0.9993145396245172,
          -0.013888579260167986,
          0.25194049067464086
        ],
        [
          0.0,
          0.0,
          0.0,
          1.0
        ]
      ]
    },
    {
      "file_path": "./images/4_00102.JPG",
      "sharpness": 2597.393453517822,
      "transform_matrix": [
        [
          -0.018638742591789173,
          -0.010399873887130833,
          0.9997721940007632,
          3.974431984465885
        ],
        [
          0.9998175364481638,
          0.003988862289064683,
          0.018681081027687264,
          -0.7160851739959976
        ],
        [
          -0.00418223448906832,
          0.9999379638758304,
          0.01032362891176283,
          -0.30166632747336164
        ],
        [
          0.0,
          0.0,
          0.0,
          1.0
        ]
      ]
    },
    {
      "file_path": "./images/4_00182.JPG",
      "sharpness": 2371.298130665956,
      "transform_matrix": [
        [
          -0.023535799057041906,
          -0.004760670707537382,
          0.9997116595181496,
          3.9400945762760426
        ],
        [
          0.9996195727798706,
          0.014271459317146653,
          0.023601592411269787,
          -0.3795050115101663
        ],
        [
          -0.014379703687334001,
          0.9998868243270058,
          0.00442296942007511,
          -0.3453490064872603
        ],
        [
          0.0,
          0.0,
          0.0,
          1.0
        ]
      ]
    },
    {
      "file_path": "./images/4_00036.JPG",
      "sharpness": 2603.3331071541224,
      "transform_matrix": [
        [
          -0.01798601714733529,
          -0.00047320357054096577,
          0.9998381265309539,
          4.073910873299184
        ],
        [
          0.9998097406950974,
          0.00754158889253709,
          0.01798907580109465,
          -1.0340308101539317
        ],
        [
          -0.007548880604280746,
          0.9999714498498081,
          0.0003374703920192918,
          -1.0223990111877126
        ],
        [
          0.0,
          0.0,
          0.0,
          1.0
        ]
      ]
    },
    {
      "file_path": "./images/4_00322.JPG",
      "sharpness": 2088.7969346663185,
      "transform_matrix": [
        [
          0.009581742834905017,
          0.008641416689600494,
          0.9999167545957082,
          3.775129622772954
        ],
        [
          0.9999537470152902,
          0.0007502907564442111,
          -0.009588581431119368,
          0.26217913845971996
        ],
        [
          -0.0008330872257953134,
          0.9999623807827713,
          -0.008633827905206764,
          0.6347063346487101
        ],
        [
          0.0,
          0.0,
          0.0,
          1.0
        ]
      ]
    },
    {
      "file_path": "./images/4_00249.JPG",
      "sharpness": 1837.7219510412979,
      "transform_matrix": [
        [
          -0.037354492899917886,
          -0.015416498978081934,
          0.9991831530899727,
          3.8340918815713265
        ],
        [
          0.9991257067065401,
          -0.01936107831288723,
          0.03705362120924322,
          -0.06105958460129981
        ],
        [
          0.01877402616238603,
          0.9996936931906654,
          0.016126243698790326,
          0.3079983509081346
        ],
        [
          0.0,
          0.0,
          0.0,
          1.0
        ]
      ]
    },
    {
      "file_path": "./images/4_00099.JPG",
      "sharpness": 2361.3520808853323,
      "transform_matrix": [
        [
          0.008491485378352079,
          0.002329480861794061,
          0.9999612333457507,
          3.9704932754717457
        ],
        [
          0.999961184720533,
          -0.0023701211137129945,
          -0.008485963599632926,
          -0.7171793947170759
        ],
        [
          0.0023502613422480252,
          0.9999944780068496,
          -0.0023495162911253546,
          -0.13665932271606598
        ],
        [
          0.0,
          0.0,
          0.0,
          1.0
        ]
      ]
    },
    {
      "file_path": "./images/4_00181.JPG",
      "sharpness": 2411.830755362117,
      "transform_matrix": [
        [
          -0.03715104056170527,
          0.006189507374507311,
          0.9992904933916936,
          3.9343579931037325
        ],
        [
          0.9992610757878705,
          -0.009630589060325762,
          0.03720959781586434,
          -0.3804200563696874
        ],
        [
          0.009854065173829312,
          0.9999344687289178,
          -0.0058271473928337945,
          -0.29316077998103024
        ],
        [
          0.0,
          0.0,
          0.0,
          1.0
        ]
      ]
    },
    {
      "file_path": "./images/4_00037.JPG",
      "sharpness": 2610.7977446652235,
      "transform_matrix": [
        [
          -0.049581918400153045,
          -0.022350818179471824,
          0.9985199418608725,
          4.078099136581899
        ],
        [
          0.9987573942620109,
          0.003925373487794805,
          0.04968157455172411,
          -1.0322785841615554
        ],
        [
          -0.005029987546490536,
          0.9997424830270344,
          0.02212841737659136,
          -1.075571127522477
        ],
        [
          0.0,
          0.0,
          0.0,
          1.0
        ]
      ]
    },
    {
      "file_path": "./images/4_00320.JPG",
      "sharpness": 1844.0221257524881,
      "transform_matrix": [
        [
          -0.0051926729193514775,
          0.02324812604436288,
          0.9997162401315433,
          3.7608071571255617
        ],
        [
          0.9995987009239375,
          -0.027719494504383633,
          0.005836671619785059,
          0.2585771859555183
        ],
        [
          0.02784732050176571,
          0.999345362854713,
          -0.023094858324410012,
          0.7436457116490351
        ],
        [
          0.0,
          0.0,
          0.0,
          1.0
        ]
      ]
    },
    {
      "file_path": "./images/4_00248.JPG",
      "sharpness": 1873.8440799267396,
      "transform_matrix": [
        [
          -0.01933485966796833,
          -0.010584978762874552,
          0.9997570311958704,
          3.8287141728617966
        ],
        [
          0.9996559789828665,
          -0.0179294819495129,
          0.019143076054494026,
          -0.06285441155974288
        ],
        [
          0.017722496591232057,
          0.999783222454239,
          0.010928001325127477,
          0.3656050427240004
        ],
        [
          0.0,
          0.0,
          0.0,
          1.0
        ]
      ]
    },
    {
      "file_path": "./images/4_00097.JPG",
      "sharpness": 2338.9483379348053,
      "transform_matrix": [
        [
          -0.012458003544145667,
          -0.007417679502857259,
          0.9998948825640913,
          3.9670695893198276
        ],
        [
          0.9998987391452695,
          -0.006970956691939521,
          0.01240633783589519,
          -0.7198038123579813
        ],
        [
          0.0068781976849754106,
          0.999948190554372,
          0.007503772585465014,
          -0.02718421549651498
        ],
        [
          0.0,
          0.0,
          0.0,
          1.0
        ]
      ]
    },
    {
      "file_path": "./images/4_00180.JPG",
      "sharpness": 2331.277132088053,
      "transform_matrix": [
        [
          -0.04693604069071504,
          0.0034489807164233654,
          0.9988919424120253,
          3.9282407416284326
        ],
        [
          0.9988519539777261,
          0.009752864100163572,
          0.0469004869561223,
          -0.38173890936992694
        ],
        [
          -0.009580298489990362,
          0.9999464916550449,
          -0.003902781954087208,
          -0.23963936745112743
        ],
        [
          0.0,
          0.0,
          0.0,
          1.0
        ]
      ]
    },
    {
      "file_path": "./images/4_00035.JPG",
      "sharpness": 2607.722470875455,
      "transform_matrix": [
        [
          -0.02042615600015719,
          -0.0016450960385395266,
          0.9997900108570063,
          4.069578291034272
        ],
        [
          0.9997913049962767,
          0.00031085202241651344,
          0.020426693928821064,
          -1.0353175102684053
        ],
        [
          -0.00034439062012948593,
          0.9999985985137254,
          0.0016384032033128534,
          -0.9698572201747476
        ],
        [
          0.0,
          0.0,
          0.0,
          1.0
        ]
      ]
    },
    {
      "file_path": "./images/4_00321.JPG",
      "sharpness": 1936.1337193975453,
      "transform_matrix": [
        [
          -0.013742915913616439,
          0.017071414326066577,
          0.9997598206941857,
          3.767897312818033
        ],
        [
          0.9997470751296152,
          -0.017566682163164746,
          0.014042700864060691,
          0.2602491993756248
        ],
        [
          0.017802191774344726,
          0.9996999442282953,
          -0.01682567910496121,
          0.6897903150475678
        ],
        [
          0.0,
          0.0,
          0.0,
          1.0
        ]
      ]
    },
    {
      "file_path": "./images/4_00247.JPG",
      "sharpness": 1882.366658664845,
      "transform_matrix": [
        [
          -0.031346775178304774,
          0.006978248099726723,
          0.9994842088491198,
          3.8238495207936296
        ],
        [
          0.9994609347407439,
          0.00998145627478059,
          0.03127635621028291,
          -0.06482627507767542
        ],
        [
          -0.009758053754670369,
          0.9999258345414747,
          -0.007287372834403255,
          0.4179648673285695
        ],
        [
          0.0,
          0.0,
          0.0,
          1.0
        ]
      ]
    },
    {
      "file_path": "./images/4_00096.JPG",
      "sharpness": 2261.6695885288887,
      "transform_matrix": [
        [
          -0.028294487684286888,
          -0.02110758104124461,
          0.9993767517751462,
          3.9661294354673546
        ],
        [
          0.9995994585789789,
          -0.0011844064249706162,
          0.028275777443463327,
          -0.7220186167490696
        ],
        [
          0.0005868349818766495,
          0.9997765086274923,
          0.021132638753744614,
          0.02748967499888747
        ],
        [
          0.0,
          0.0,
          0.0,
          1.0
        ]
      ]
    },
    {
      "file_path": "./images/4_00179.JPG",
      "sharpness": 2240.8809143866306,
      "transform_matrix": [
        [
          -0.02883097363889941,
          -0.0009980826202539853,
          0.9995838027846827,
          3.9216133003234233
        ],
        [
          0.9995760048441554,
          -0.0041030088236473465,
          0.028826651876161798,
          -0.3829416557719248
        ],
        [
          0.004072529782562813,
          0.9999910845347806,
          0.0011159531772926745,
          -0.18076226109029928
        ],
        [
          0.0,
          0.0,
          0.0,
          1.0
        ]
      ]
    },
    {
      "file_path": "./images/4_00033.JPG",
      "sharpness": 2810.7454090779725,
      "transform_matrix": [
        [
          -0.032361123054422396,
          -0.0006424220320793906,
          0.9994760352344426,
          4.059764006689881
        ],
        [
          0.9994387965041307,
          -0.008676906941948906,
          0.032354340177093266,
          -1.0376292680203798
        ],
        [
          0.008651575407474146,
          0.9999621485732468,
          0.0009228559558694035,
          -0.8627173093135769
        ],
        [
          0.0,
          0.0,
          0.0,
          1.0
        ]
      ]
    },
    {
      "file_path": "./images/4_00319.JPG",
      "sharpness": 1768.9442723263896,
      "transform_matrix": [
        [
          -0.018833611988407526,
          0.017486765625451452,
          0.9996696994941889,
          3.752313913461694
        ],
        [
          0.9997928440869366,
          -0.007388570731781749,
          0.018965176906521955,
          0.2573717220680613
        ],
        [
          0.007717769886741393,
          0.9998197947879772,
          -0.017343989664240445,
          0.8014195003218078
        ],
        [
          0.0,
          0.0,
          0.0,
          1.0
        ]
      ]
    },
    {
      "file_path": "./images/4_00237.JPG",
      "sharpness": 1983.6819752694928,
      "transform_matrix": [
        [
          0.0007820589099738147,
          0.06885412176690954,
          0.9976264322375084,
          3.7552206333157785
        ],
        [
          0.9981342526614683,
          0.0608538308212423,
          -0.00498246307674604,
          -0.07478831881476078
        ],
        [
          -0.06105245324956629,
          0.9957690099563554,
          -0.06867806609187614,
          0.9710341888554266
        ],
        [
          0.0,
          0.0,
          0.0,
          1.0
        ]
      ]
    },
    {
      "file_path": "./images/4_00095.JPG",
      "sharpness": 2206.199345793884,
      "transform_matrix": [
        [
          -0.014124627075750174,
          -0.00432164130225893,
          0.9998909032118438,
          3.9651883246272024
        ],
        [
          0.9998947982465418,
          0.003238849422608646,
          0.01413868077029563,
          -0.7229012282004929
        ],
        [
          -0.003299598381315679,
          0.9999854165287826,
          0.004275439117767321,
          0.08157164253987825
        ],
        [
          0.0,
          0.0,
          0.0,
          1.0
        ]
      ]
    },
    {
      "file_path": "./images/4_00178.JPG",
      "sharpness": 2124.1273358853055,
      "transform_matrix": [
        [
          -0.023130643092559282,
          -0.022188564479323665,
          0.9994861884767807,
          3.9154866382253153
        ],
        [
          0.9996470862784155,
          0.01255125991830669,
          0.02341300428259394,
          -0.3843496991918533
        ],
        [
          -0.013064311891508765,
          0.9996750139321182,
          0.021890415116924414,
          -0.12201295952691164
        ],
        [
          0.0,
          0.0,
          0.0,
          1.0
        ]
      ]
    },
    {
      "file_path": "./images/4_00034.JPG",
      "sharpness": 2717.5128394982116,
      "transform_matrix": [
        [
          -0.018350077914367074,
          -0.001071872355261928,
          0.9998310485924919,
          4.064707612350949
        ],
        [
          0.9998089522420335,
          -0.0067538291592736666,
          0.018342431910026775,
          -1.0369776705333051
        ],
        [
          0.00673302734463852,
          0.9999766181670011,
          0.0011956008677446873,
          -0.9152439584177451
        ],
        [
          0.0,
          0.0,
          0.0,
          1.0
        ]
      ]
    },
    {
      "file_path": "./images/4_00318.JPG",
      "sharpness": 1774.6406733077322,
      "transform_matrix": [
        [
          -0.012908331382602247,
          0.00437142103680718,
          0.9999071285166473,
          3.7435356105482533
        ],
        [
          0.9998943693831531,
          -0.006624260434780811,
          0.012937126789152365,
          0.2566505405740984
        ],
        [
          0.006680198858090069,
          0.9999685044296058,
          -0.004285451132049691,
          0.8567322692358825
        ],
        [
          0.0,
          0.0,
          0.0,
          1.0
        ]
      ]
    },
    {
      "file_path": "./images/4_00246.JPG",
      "sharpness": 1864.5978235748973,
      "transform_matrix": [
        [
          -0.039193159190970425,
          -0.010703743186962374,
          0.9991743222049843,
          3.8186332908866873
        ],
        [
          0.9987519212068465,
          0.030561982922393226,
          0.0395039882225064,
          -0.06608739075777245
        ],
        [
          -0.030959589116517063,
          0.9994755600218598,
          0.009492563410214348,
          0.47514778020024756
        ],
        [
          0.0,
          0.0,
          0.0,
          1.0
        ]
      ]
    },
    {
      "file_path": "./images/4_00511.JPG",
      "sharpness": 3501.160834776816,
      "transform_matrix": [
        [
          -0.023481720797200168,
          0.014389031027825046,
          0.99962071035661,
          3.9601469520092754
        ],
        [
          0.9983049169600973,
          0.053599846161668595,
          0.02267926949304398,
          0.969292173650138
        ],
        [
          -0.05325318358270837,
          0.9984588185182693,
          -0.015623257047710273,
          -1.113397681865448
        ],
        [
          0.0,
          0.0,
          0.0,
          1.0
        ]
      ]
    },
    {
      "file_path": "./images/4_00094.JPG",
      "sharpness": 2097.029687761891,
      "transform_matrix": [
        [
          -0.004417080743555359,
          -0.0028026659819919797,
          0.9999863171366243,
          3.9639306169133595
        ],
        [
          0.9998977155716053,
          0.013590927978850129,
          0.00445478073062588,
          -0.7234361550873796
        ],
        [
          -0.013603227278450406,
          0.9999037112339557,
          0.002742347086641664,
          0.13456582866797245
        ],
        [
          0.0,
          0.0,
          0.0,
          1.0
        ]
      ]
    },
    {
      "file_path": "./images/4_00177.JPG",
      "sharpness": 2017.7975166252343,
      "transform_matrix": [
        [
          -0.013898615468079979,
          0.007931440650764673,
          0.9998719521701993,
          3.910194207839966
        ],
        [
          0.9996594109578953,
