{
    "camera_angle_x": 0.86,
    "camera_angle_y": 0.59,
    "fl_x": 35.74504986769521,
    "fl_y": 35.74504986769521,
    "k1": -0.006337414014651379,
    "k2": -0.061534936860702154,
    "p1": -0.0014092239651047748,
    "p2": 9.249850279926745e-05,
    "cx": 750.0,
    "cy": 500.0,
    "w": 1500.0,
    "h": 1000.0,
    "aabb_scale": 4,
    "frames": [
        {
            "file_path": "data/downsampled/_025/4/4_00101.JPG",
            "sharpness": 2516.6998937205117,
            "transform_matrix": [
                [
                    0.997210849229334,
                    -0.04787503564769132,
                    -0.05725821461627317,
                    146.66443420619316
                ],
                [
                    0.04285200694584561,
                    0.9953776054908675,
                    -0.08594840305660247,
                    -98.3056697079275
                ],
                [
                    0.06110832741962517,
                    0.08325505059153634,
                    0.9946528886355163,
                    375.1567293422664
                ],
                [
                    0.0,
                    0.0,
                    0.0,
                    1.0
                ]
            ]
        },
        {
            "file_path": "data/downsampled/_025/4/4_00102.JPG",
            "sharpness": 2597.393453517822,
            "transform_matrix": [
                [
                    0.9986395782829298,
                    -0.03519361579061334,
                    -0.03847599374253134,
                    146.31544444086614
                ],
                [
                    0.03197920615712274,
                    0.9961858717253783,
                    -0.08118521631620261,
                    -85.13111294038079
                ],
                [
                    0.04118644267781406,
                    0.07984433844882843,
                    0.9959561027260267,
                    374.2420680386855
                ],
                [
                    0.0,
                    0.0,
                    0.0,
                    1.0
                ]
            ]
        },
        {
            "file_path": "data/downsampled/_025/4/4_00103.JPG",
            "sharpness": 2619.8388305616904,
            "transform_matrix": [
                [
                    0.9976688187135199,
                    -0.04846926400521554,
                    -0.04803809544062694,
                    145.70556091131144
                ],
                [
                    0.04428522906072049,
                    0.9954275148696512,
                    -0.08463380605567643,
                    -71.93239286130544
                ],
                [
                    0.051920580253013195,
                    0.08230913125056692,
                    0.9952534653338151,
                    373.38754845197974
                ],
                [
                    0.0,
                    0.0,
                    0.0,
                    1.0
                ]
            ]
        },
        {
            "file_path": "data/downsampled/_025/4/4_00104.JPG",
            "sharpness": 2633.236692602027,
            "transform_matrix": [
                [
                    0.9948992775202762,
                    -0.08422845847922768,
                    -0.055506705647564235,
                    144.92995847211247
                ],
                [
                    0.07883248687729084,
                    0.992529099235228,
                    -0.09312049282541335,
                    -58.74785346439883
                ],
                [
                    0.06293541612140242,
                    0.08826977938977254,
                    0.9941064225947372,
                    372.4771113970556
                ],
                [
                    0.0,
                    0.0,
                    0.0,
                    1.0
                ]
            ]
        },
        {
            "file_path": "data/downsampled/_025/4/4_00105.JPG",
            "sharpness": 2623.287665247732,
            "transform_matrix": [
                [
                    0.9932422915518003,
                    -0.10295422715144285,
                    -0.05357403647829221,
                    144.09484655893522
                ],
                [
                    0.09754121761901241,
                    0.9906509312840142,
                    -0.09537527568251189,
                    -45.41049860393693
                ],
                [
                    0.06289245692711273,
                    0.08950508062542478,
                    0.9939986817918357,
                    371.65422015091457
                ],
                [
                    0.0,
                    0.0,
                    0.0,
                    1.0
                ]
            ]
        },
        {
            "file_path": "data/downsampled/_025/4/4_00106.JPG",
            "sharpness": 2630.841139246897,
            "transform_matrix": [
                [
                    0.9952938117327951,
                    -0.08198607214335973,
                    -0.051657645135130215,
                    143.29418712008587
                ],
                [
                    0.07738541946996971,
                    0.9933267062778649,
                    -0.08551930453777502,
                    -32.52010983364556
                ],
                [
                    0.058324310367633636,
                    0.08111928605252693,
                    0.9949964503707881,
                    370.78651133932294
                ],
                [
                    0.0,
                    0.0,
                    0.0,
                    1.0
                ]
            ]
        },
        {
            "file_path": "data/downsampled/_025/4/4_00107.JPG",
            "sharpness": 2667.216599154756,
            "transform_matrix": [
                [
                    0.9935664518817288,
                    -0.09099294694276197,
                    -0.06742395198906763,
                    142.52152439337118
                ],
                [
                    0.0829954670666677,
                    0.9901024062874613,
                    -0.11317675339999814,
                    -19.368857377975417
                ],
                [
                    0.07705490342306621,
                    0.10685274292431626,
                    0.9912845369458819,
                    370.8326891947507
                ],
                [
                    0.0,
                    0.0,
                    0.0,
                    1.0
                ]
            ]
        },
        {
            "file_path": "data/downsampled/_025/4/4_00108.JPG",
            "sharpness": 2707.0799258057573,
            "transform_matrix": [
                [
                    0.995268453403349,
                    -0.08122707543208624,
                    -0.05331855096358078,
                    141.78479520902144
                ],
                [
                    0.07468849109672838,
                    0.9905665562320551,
                    -0.11488919432331453,
                    -6.350822040883344
                ],
                [
                    0.06214768666490902,
                    0.1103633086279882,
                    0.9919463721143817,
                    371.32452134741027
                ],
                [
                    0.0,
                    0.0,
                    0.0,
                    1.0
                ]
            ]
        },
        {
            "file_path": "data/downsampled/_025/4/4_00109.JPG",
            "sharpness": 2713.784067330698,
            "transform_matrix": [
                [
                    0.9952226313082391,
                    -0.0781103673383304,
                    -0.058572046627857643,
                    141.13132809678126
                ],
                [
                    0.07154307872940198,
                    0.9916943782087525,
                    -0.10688240320592429,
                    5.637093474028205
                ],
                [
                    0.06643419313744564,
                    0.10218136201590912,
                    0.9925449446945714,
                    371.8214254036305
                ],
                [
                    0.0,
                    0.0,
                    0.0,
                    1.0
                ]
            ]
        },
        {
            "file_path": "data/downsampled/_025/4/4_00110.JPG",
            "sharpness": 2605.8723209142363,
            "transform_matrix": [
                [
                    0.9956144680376336,
                    -0.07731605836720923,
                    -0.052669328386621056,
                    140.442312592706
                ],
                [
                    0.07089066876862667,
                    0.9908881180795878,
                    -0.11452183429472722,
                    17.994270205987704
                ],
                [
                    0.06104378851018574,
                    0.11028583121711688,
                    0.9920235336508267,
                    372.45369630076846
                ],
                [
                    0.0,
                    0.0,
                    0.0,
                    1.0
                ]
            ]
        },
        {
            "file_path": "data/downsampled/_025/4/4_00111.JPG",
            "sharpness": 2679.16939038823,
            "transform_matrix": [
                [
                    0.9967371794226869,
                    -0.07250281302089194,
                    -0.03547304977816938,
                    139.68453704218052
                ],
                [
                    0.06816161212812116,
                    0.9914586599491997,
                    -0.1111922670145386,
                    30.095309463020783
                ],
                [
                    0.043231814542099255,
                    0.10841156633770431,
                    0.9931656168512899,
                    373.1309980568965
                ],
                [
                    0.0,
                    0.0,
                    0.0,
                    1.0
                ]
            ]
        },
        {
            "file_path": "data/downsampled/_025/4/4_00112.JPG",
            "sharpness": 2722.237633615871,
            "transform_matrix": [
                [
                    0.9979949982929412,
                    -0.06019552381797073,
                    -0.019557154561759278,
                    139.13520428324955
                ],
                [
                    0.057540048600325924,
                    0.9916011986095864,
                    -0.11582834593959841,
                    42.9550518687025
                ],
                [
                    0.026365245861636685,
                    0.11447079028429598,
                    0.9930766898796608,
                    373.7934562755068
                ],
                [
                    0.0,
                    0.0,
                    0.0,
                    1.0
                ]
            ]
        },
        {
            "file_path": "data/downsampled/_025/4/4_00113.JPG",
            "sharpness": 2859.4793072114558,
            "transform_matrix": [
                [
                    0.9965217658418741,
                    -0.0714550204735783,
                    -0.042878319142819525,
                    138.21919834971655
                ],
                [
                    0.06570980128426304,
                    0.9902251675246063,
                    -0.12302983221986227,
                    54.93460127336425
                ],
                [
                    0.051250289936503164,
                    0.11978437982468876,
                    0.9914762277187683,
                    374.4032522383485
                ],
                [
                    0.0,
                    0.0,
                    0.0,
                    1.0
                ]
            ]
        },
        {
            "file_path": "data/downsampled/_025/4/4_00114.JPG",
            "sharpness": 2807.9574086215384,
            "transform_matrix": [
                [
                    0.9956308844131332,
                    -0.05567577275013537,
                    -0.074962326080489,
                    137.28055704709084
                ],
                [
                    0.04634693667772606,
                    0.9915825700170746,
                    -0.1208965189694236,
                    67.07059858467665
                ],
                [
                    0.08106234306577331,
                    0.1168940339239289,
                    0.9898306326688813,
                    374.966989244924
                ],
                [
                    0.0,
                    0.0,
                    0.0,
                    1.0
                ]
            ]
        },
        {
            "file_path": "data/downsampled/_025/4/4_00115.JPG",
            "sharpness": 3004.9268631574923,
            "transform_matrix": [
                [
                    0.9976962789308872,
                    -0.05359110159888815,
                    -0.04159481742812709,
                    136.60248555919569
                ],
                [
                    0.047828065378439144,
                    0.9904962493727512,
                    -0.1289560240573064,
                    79.15169328281894
                ],
                [
                    0.048110406042947994,
                    0.12666954570033986,
                    0.990777581005168,
                    375.47978926659647
                ],
                [
                    0.0,
                    0.0,
                    0.0,
                    1.0
                ]
            ]
        },
        {
            "file_path": "data/downsampled/_025/4/4_00116.JPG",
            "sharpness": 3191.9767704968244,
            "transform_matrix": [
                [
                    0.9962116020225937,
                    -0.0632703134315737,
                    -0.059659965084200274,
                    136.00903389429982
                ],
                [
                    0.05695844302239438,
                    0.9931383081478408,
                    -0.1021373421316051,
                    91.36917381261122
                ],
                [
                    0.06571285843761644,
                    0.09835226650928958,
                    0.9929796835325702,
                    376.003393978964
                ],
                [
                    0.0,
                    0.0,
                    0.0,
                    1.0
                ]
            ]
        },
        {
            "file_path": "data/downsampled/_025/4/4_00117.JPG",
            "sharpness": 3326.059398887678,
            "transform_matrix": [
                [
                    0.9973026693777672,
                    -0.056858079509160345,
                    -0.04641707063688793,
                    135.47367901417064
                ],
                [
                    0.05095423735175336,
                    0.9914972334304802,
                    -0.11973680217712741,
                    103.40845713135383
                ],
                [
                    0.05283040173878127,
                    0.11704868599960172,
                    0.991719997659564,
                    376.6582434328591
                ],
                [
                    0.0,
                    0.0,
                    0.0,
                    1.0
                ]
            ]
        },
        {
            "file_path": "data/downsampled/_025/4/4_00118.JPG",
            "sharpness": 3552.3904637666574,
            "transform_matrix": [
                [
                    -0.970562455092232,
                    0.19692426618242334,
                    -0.13866994683006512,
                    94.42752912555957
                ],
                [
                    -0.20249086620075982,
                    -0.9789088740480304,
                    0.027108401193793576,
                    140.78568957968002
                ],
                [
                    -0.13040693950325274,
                    0.05438979406590668,
                    0.9899675653428568,
                    374.56254843815583
                ],
                [
                    0.0,
                    0.0,
                    0.0,
                    1.0
                ]
            ]
        },
        {
            "file_path": "data/downsampled/_025/4/4_00119.JPG",
            "sharpness": 3831.445498360959,
            "transform_matrix": [
                [
                    -0.9972769178124002,
                    0.029024549387882004,
                    -0.06779619997780241,
                    96.52136032589556
                ],
                [
                    -0.03575222304358632,
                    -0.9943218764165895,
                    0.1002286617032999,
                    128.76953863569986
                ],
                [
                    -0.06450215303415409,
                    0.10237959568304264,
                    0.9926519483896333,
                    374.61887277352434
                ],
                [
                    0.0,
                    0.0,
                    0.0,
                    1.0
                ]
            ]
        },
        {
            "file_path": "data/downsampled/_025/4/4_00120.JPG",
            "sharpness": 3714.018123883493,
            "transform_matrix": [
                [
                    -0.9992888719781988,
                    -0.010614511826547213,
                    -0.036181244854530864,
                    98.18368531407914
                ],
                [
                    0.008575978046843614,
                    -0.9983917470653397,
                    0.056039022050346166,
                    116.96781771593209
                ],
                [
                    -0.03671788312361544,
                    0.05568888156987189,
                    0.9977727925376687,
                    374.95701527670036
                ],
                [
                    0.0,
                    0.0,
                    0.0,
                    1.0
                ]
            ]
        },
        {
            "file_path": "data/downsampled/_025/4/4_00121.JPG",
            "sharpness": 3545.801027341327,
            "transform_matrix": [
                [
                    -0.9990496290176577,
                    0.000992530315338466,
                    -0.043575837837656624,
                    99.15503116362446
                ],
                [
                    -0.003234300057220211,
                    -0.9986726547323572,
                    0.05140494132829948,
                    103.77448006013955
                ],
                [
                    -0.04346697669289271,
                    0.0514970248985238,
                    0.9977267553612966,
                    374.9321023776288
                ],
                [
                    0.0,
                    0.0,
                    0.0,
                    1.0
                ]
            ]
        },
        {
            "file_path": "data/downsampled/_025/4/4_00122.JPG",
            "sharpness": 3383.1973688067524,
            "transform_matrix": [
                [
                    -0.9989771502758955,
                    0.0015471851563468302,
                    -0.045191364714326984,
                    99.630154153283
                ],
                [
                    -0.0029539834634953375,
                    -0.9995125464075603,
                    0.031079632487735313,
                    91.63182103932289
                ],
                [
                    -0.045121250075199994,
                    0.031181337238278862,
                    0.9984947656345949,
                    374.93189386317783
                ],
                [
                    0.0,
                    0.0,
                    0.0,
                    1.0
                ]
            ]
        },
        {
            "file_path": "data/downsampled/_025/4/4_00123.JPG",
            "sharpness": 3258.983510022824,
            "transform_matrix": [
                [
                    -0.9965960395722745,
                    0.05490130935859703,
                    -0.06149943202639489,
                    99.95611225273929
                ],
                [
                    -0.05765448933992041,
                    -0.9973698448340683,
                    0.04392439498296696,
                    78.95148062783696
                ],
                [
                    -0.05892617218019973,
                    0.0473205964288101,
                    0.9971401443056093,
                    374.81130730815005
                ],
                [
                    0.0,
                    0.0,
                    0.0,
                    1.0
                ]
            ]
        },
        {
            "file_path": "data/downsampled/_025/4/4_00124.JPG",
            "sharpness": 3166.1000931467092,
            "transform_matrix": [
                [
                    -0.9970573961702119,
                    0.059342683597474896,
                    -0.04852828706772486,
                    100.64605188969344
                ],
                [
                    -0.06193268587643431,
                    -0.9966328823102291,
                    0.05373304679744468,
                    66.89954957770453
                ],
                [
                    -0.045176223419055764,
                    0.05658041888723916,
                    0.9973754383561569,
                    374.7444196185369
                ],
                [
                    0.0,
                    0.0,
                    0.0,
                    1.0
                ]
            ]
        },
        {
            "file_path": "data/downsampled/_025/4/4_00125.JPG",
            "sharpness": 2970.647219803677,
            "transform_matrix": [
                [
                    -0.9981792178309198,
                    0.01877903270664367,
                    -0.0573201275387314,
                    101.08759382601373
                ],
                [
                    -0.02166634609409002,
                    -0.9985054975258701,
                    0.05017310890851869,
                    53.912699645582535
                ],
                [
                    -0.05629226001312026,
                    0.051323672327862266,
                    0.9970943095421805,
                    374.54071884558266
                ],
                [
                    0.0,
                    0.0,
                    0.0,
                    1.0
                ]
            ]
        },
        {
            "file_path": "data/downsampled/_025/4/4_00126.JPG",
            "sharpness": 2749.447107655822,
            "transform_matrix": [
                [
                    -0.9963847361043349,
                    0.05759084933583017,
                    -0.062455998359425065,
                    101.43908777718863
                ],
                [
                    -0.06046357559872053,
                    -0.9971499228021641,
                    0.045124134135248274,
                    41.014231963921105
                ],
                [
                    -0.05967925673223992,
                    0.04873731146068463,
                    0.9970271113603038,
                    374.40760801730676
                ],
                [
                    0.0,
                    0.0,
                    0.0,
                    1.0
                ]
            ]
        },
        {
            "file_path": "data/downsampled/_025/4/4_00127.JPG",
            "sharpness": 2507.4707636546086,
            "transform_matrix": [
                [
                    -0.9971508415611635,
                    0.036298513808401954,
                    -0.06612576705917882,
                    102.12460900061056
                ],
                [
                    -0.03930547260488564,
                    -0.9982244849805572,
                    0.04475441216917411,
                    27.91190043964565
                ],
                [
                    -0.06438384111848339,
                    0.047226004283688755,
                    0.9968071155054156,
                    374.3762061233181
                ],
                [
                    0.0,
                    0.0,
                    0.0,
                    1.0
                ]
            ]
        },
        {
            "file_path": "data/downsampled/_025/4/4_00128.JPG",
            "sharpness": 2411.1384478421255,
            "transform_matrix": [
                [
                    -0.9968844078577154,
                    0.04078151253640917,
                    -0.06751552121857106,
                    102.91399348829526
                ],
                [
                    -0.044685169681031436,
                    -0.9973533002233018,
                    0.05735529743856534,
                    15.926585638178864
                ],
                [
                    -0.06499779212211787,
                    0.06019354424630249,
                    0.9960682829255825,
                    374.306845080575
                ],
                [
                    0.0,
                    0.0,
                    0.0,
                    1.0
                ]
            ]
        },
        {
            "file_path": "data/downsampled/_025/4/4_00129.JPG",
            "sharpness": 2351.274499101297,
            "transform_matrix": [
                [
                    -0.9978280879855277,
                    0.027228926747950927,
                    -0.0599807667115137,
                    103.84815315114068
                ],
                [
                    -0.03034879644204175,
                    -0.9981997120118551,
                    0.051732828010555516,
                    3.144431165224546
                ],
                [
                    -0.05846415467331948,
                    0.05344081293922209,
                    0.9968580752197022,
                    374.11141441465355
                ],
                [
                    0.0,
                    0.0,
                    0.0,
                    1.0
                ]
            ]
        },
        {
            "file_path": "data/downsampled/_025/4/4_00130.JPG",
            "sharpness": 2354.807569889919,
            "transform_matrix": [
                [
                    -0.9974614250936612,
                    0.029126182022780632,
                    -0.06497977355222809,
                    104.57047271427716
                ],
                [
                    -0.03260101701934419,
                    -0.9980583663709867,
                    0.053072318643361406,
                    -9.265804758036523
                ],
                [
                    -0.06330781262551585,
                    0.05505599729052147,
                    0.9964742636028885,
                    373.916256089526
                ],
                [
                    0.0,
                    0.0,
                    0.0,
                    1.0
                ]
            ]
        },
        {
            "file_path": "data/downsampled/_025/4/4_00131.JPG",
            "sharpness": 2271.3533999357414,
            "transform_matrix": [
                [
                    -0.9975093099358948,
                    0.03144627725536221,
                    -0.06313721753446405,
                    105.23742490147112
                ],
                [
                    -0.03511969250489178,
                    -0.9977021117109752,
                    0.05794051678940181,
                    -22.172927630665725
                ],
                [
                    -0.0611701217064115,
                    0.06001356458535017,
                    0.9963215285620315,
                    373.68497589080084
                ],
                [
                    0.0,
                    0.0,
                    0.0,
                    1.0
                ]
            ]
        },
        {
            "file_path": "data/downsampled/_025/4/4_00132.JPG",
            "sharpness": 2282.3874593998908,
            "transform_matrix": [
                [
                    -0.9973625094222862,
                    0.022390509887954546,
                    -0.06904121860046904,
                    105.8770339237603
                ],
                [
                    -0.0267832698252419,
                    -0.9976306161663816,
                    0.06337042011028726,
                    -34.1526637921603
                ],
                [
                    -0.06745873743518055,
                    0.06505243081118049,
                    0.9955990658840574,
                    373.5190492725701
                ],
                [
                    0.0,
                    0.0,
                    0.0,
                    1.0
                ]
            ]
        },
        {
            "file_path": "data/downsampled/_025/4/4_00133.JPG",
            "sharpness": 2285.209575216184,
            "transform_matrix": [
                [
                    -0.9972542950084603,
                    0.03234912649603854,
                    -0.06661385067778686,
                    106.6463761086323
                ],
                [
                    -0.03491104226571156,
                    -0.9986805643798239,
                    0.037660980575639144,
                    -46.23056032316077
                ],
                [
                    -0.06530765816579928,
                    0.039883133589780344,
                    0.9970678238916143,
                    373.34075427020605
                ],
                [
                    0.0,
                    0.0,
                    0.0,
                    1.0
                ]
            ]
        },
        {
            "file_path": "data/downsampled/_025/4/4_00134.JPG",
            "sharpness": 2293.3410428764214,
            "transform_matrix": [
                [
                    -0.9981438236695253,
                    0.02191748772071992,
                    -0.05682016369557821,
                    107.56630814661392
                ],
                [
                    -0.025933457512714423,
                    -0.9971438956374036,
                    0.07093311761440733,
                    -59.04881577757614
                ],
                [
                    -0.05510320364385767,
                    0.07227499654150946,
                    0.9958614169768342,
                    373.04027777832596
                ],
                [
                    0.0,
                    0.0,
                    0.0,
                    1.0
                ]
            ]
        },
        {
            "file_path": "data/downsampled/_025/4/4_00135.JPG",
            "sharpness": 2348.9323385322227,
            "transform_matrix": [
                [
                    -0.9975943638076591,
                    0.027148290873554186,
                    -0.06378444639437596,
                    108.06928890107864
                ],
                [
                    -0.030920726433289084,
                    -0.9977836769035322,
                    0.05892064817791632,
                    -71.14811493329523
                ],
                [
                    -0.06204348455744425,
                    0.060751167951842634,
                    0.9962228172534783,
                    372.8323850492549
                ],
                [
                    0.0,
                    0.0,
                    0.0,
                    1.0
                ]
            ]
        },
        {
            "file_path": "data/downsampled/_025/4/4_00136.JPG",
            "sharpness": 2362.4279058173843,
            "transform_matrix": [
                [
                    -0.9979484554038199,
                    0.03135579127891584,
                    -0.055818408347101604,
                    108.78706585578172
                ],
                [
                    -0.034816514560579284,
                    -0.9974595456234847,
                    0.06214712510201131,
                    -83.17806134700162
                ],
                [
                    -0.05372793194404276,
                    0.06396302993030537,
                    0.9965049122463729,
                    372.673900218981
                ],
                [
                    0.0,
                    0.0,
                    0.0,
                    1.0
                ]
            ]
        },
        {
            "file_path": "data/downsampled/_025/4/4_00137.JPG",
            "sharpness": 2451.277039344168,
            "transform_matrix": [
                [
                    -0.9978441017810512,
                    0.029277935304071225,
                    -0.058736283889076396,
                    109.3397182198274
                ],
                [
                    -0.03294871827410846,
                    -0.9974988524081091,
                    0.06253336236441485,
                    -95.39856205092629
                ],
                [
                    -0.056758528036419224,
                    0.06433383207019776,
                    0.99631301685078,
                    372.6308119322513
                ],
                [
                    0.0,
                    0.0,
                    0.0,
                    1.0
                ]
            ]
        },
        {
            "file_path": "data/downsampled/_025/4/4_00138.JPG",
            "sharpness": 2453.4765973055546,
            "transform_matrix": [
                [
                    -0.9974315125288425,
                    0.03783239132729329,
                    -0.06082012809000182,
                    110.03219069034498
                ],
                [
                    -0.041680259766292124,
                    -0.997124108833486,
                    0.0632950829752301,
                    -107.78781587037629
                ],
                [
                    -0.05825061167266913,
                    0.06566750908543278,
                    0.9961398719508594,
                    372.54251863077025
                ],
                [
                    0.0,
                    0.0,
                    0.0,
                    1.0
                ]
            ]
        },
        {
            "file_path": "data/downsampled/_025/4/4_00139.JPG",
            "sharpness": 2397.31178129999,
            "transform_matrix": [
                [
                    -0.9959729764418963,
                    0.04604111449192932,
                    -0.07692883707564327,
                    110.68597029072669
                ],
                [
                    -0.04919820394599768,
                    -0.9980013178370395,
                    0.03965988305606751,
                    -119.87715190582757
                ],
                [
                    -0.07494909556464195,
                    0.04328493238846503,
                    0.996247483159766,
                    372.4310817909975
                ],
                [
                    0.0,
                    0.0,
                    0.0,
                    1.0
                ]
            ]
        },
        {
            "file_path": "data/downsampled/_025/4/4_00140.JPG",
            "sharpness": 2406.2894130151985,
            "transform_matrix": [
                [
                    -0.9967114745156314,
                    0.06769829996188645,
                    -0.044532872702605864,
                    111.49473451257035
                ],
                [
                    -0.07091696880856983,
                    -0.9946450433990212,
                    0.07517992535752727,
                    -132.72192350392407
                ],
                [
                    -0.03920484796400038,
                    0.07809083060148281,
                    0.9961750860526929,
                    372.2601459490238
                ],
                [
                    0.0,
                    0.0,
                    0.0,
                    1.0
                ]
            ]
        },
        {
            "file_path": "data/downsampled/_025/4/4_00141.JPG",
            "sharpness": 2251.441805089734,
            "transform_matrix": [
                [
                    -0.9958034239033822,
                    0.0526726707259495,
                    -0.07484070216731466,
                    112.11276809127261
                ],
                [
                    -0.05692851994543287,
                    -0.9968110983624245,
                    0.05591759828819021,
                    -144.7345240285946
                ],
                [
                    -0.07165671328719626,
                    0.059943506237895884,
                    0.9956264819201948,
                    372.2080728027206
                ],
                [
                    0.0,
                    0.0,
                    0.0,
                    1.0
                ]
            ]
        },
        {
            "file_path": "data/downsampled/_025/4/4_00142.JPG",
            "sharpness": 2174.2593221654943,
            "transform_matrix": [
                [
                    -0.9954652483571513,
                    0.0535059629523509,
                    -0.07865145416186897,
                    112.7010965562877
                ],
                [
                    -0.057848844912618595,
                    -0.9968629962700037,
                    0.05401553304250975,
                    -156.9251943714121
                ],
                [
                    -0.07551457114696955,
                    0.05832048178926778,
                    0.9954377283127042,
                    372.22996642848295
                ],
                [
                    0.0,
                    0.0,
                    0.0,
                    1.0
                ]
            ]
        },
        {
            "file_path": "data/downsampled/_025/4/4_00143.JPG",
            "sharpness": 2081.935250068459,
            "transform_matrix": [
                [
                    -0.9959616810041745,
                    0.04697689076575949,
                    -0.07650818064312533,
                    113.40861619767463
                ],
                [
                    -0.051326720663371114,
                    -0.997115294878824,
                    0.05591651334498984,
                    -168.82064292528514
                ],
                [
                    -0.07366069316320252,
                    0.059617618643300875,
                    0.9954997949924543,
                    372.1737341832771
                ],
                [
                    0.0,
                    0.0,
                    0.0,
                    1.0
                ]
            ]
        },
        {
            "file_path": "data/downsampled/_025/4/4_00144.JPG",
            "sharpness": 2038.363800550314,
            "transform_matrix": [
                [
                    -0.9981124915270122,
                    0.03421308442595855,
                    -0.05099920697229264,
                    114.26158447045037
                ],
                [
                    -0.03570805396946307,
                    -0.9989501778994101,
                    0.028696288199894296,
